7.000000000000000000e+01 2.000000000000000000e+00 6.192000000000000171e+00 9.962045792652774878e+01
7.000000000000000000e+01 2.200000000000000178e+00 6.174900000000000055e+00 9.935140286459010213e+01
7.000000000000000000e+01 2.399999999999999911e+00 6.052900000000000169e+00 9.934927232040727461e+01
7.000000000000000000e+01 2.600000000000000089e+00 6.019899999999999807e+00 9.908158480814814482e+01
7.000000000000000000e+01 2.800000000000000266e+00 5.953400000000000247e+00 9.879978894330829178e+01
7.000000000000000000e+01 3.000000000000000000e+00 5.858600000000000030e+00 9.853784370967908330e+01
7.000000000000000000e+01 3.200000000000000178e+00 5.806499999999999773e+00 9.822782140794487589e+01
1.000000000000000000e+02 2.000000000000000000e+00 6.684599999999999653e+00 1.131740061975778531e+02
1.000000000000000000e+02 2.200000000000000178e+00 6.594000000000000306e+00 1.129913971096823246e+02
1.000000000000000000e+02 2.399999999999999911e+00 6.475200000000000067e+00 1.126836565901637499e+02
1.000000000000000000e+02 2.600000000000000089e+00 6.362499999999999822e+00 1.120945644989853491e+02
1.000000000000000000e+02 2.800000000000000266e+00 6.271099999999999675e+00 1.117195810290980802e+02
1.000000000000000000e+02 3.000000000000000000e+00 6.204200000000000159e+00 1.116655254133847848e+02
1.000000000000000000e+02 3.200000000000000178e+00 6.112499999999999822e+00 1.117190321965636599e+02
1.500000000000000000e+02 2.000000000000000000e+00 7.320599999999999774e+00 1.560982744208595818e+02
1.500000000000000000e+02 2.200000000000000178e+00 7.214199999999999946e+00 1.560455377788131841e+02
1.500000000000000000e+02 2.399999999999999911e+00 7.109399999999999942e+00 1.557666840797339489e+02
1.500000000000000000e+02 2.600000000000000089e+00 7.019400000000000084e+00 1.546191974883603564e+02
1.500000000000000000e+02 2.800000000000000266e+00 6.925000000000000002e+00 1.529769848197229294e+02
1.500000000000000000e+02 3.000000000000000000e+00 6.833999999999999999e+00 1.523950383464728384e+02
1.500000000000000000e+02 3.200000000000000178e+00 6.711999999999999912e+00 1.512846384718273619e+02
2.000000000000000000e+02 2.000000000000000000e+00 7.896600000000000286e+00 2.096728297539040966e+02
2.000000000000000000e+02 2.200000000000000178e+00 7.796899999999999942e+00 2.097610310058452399e+02
2.000000000000000000e+02 2.399999999999999911e+00 7.664500000000000313e+00 2.091360132961461886e+02
2.000000000000000000e+02 2.600000000000000089e+00 7.544599999999999973e+00 2.089065369885150005e+02
2.000000000000000000e+02 2.800000000000000266e+00 7.430500000000000327e+00 2.091545188972639266e+02
2.000000000000000000e+02 3.000000000000000000e+00 7.380799999999999805e+00 2.089340333813243262e+02
2.000000000000000000e+02 3.200000000000000178e+00 7.263899999999999579e+00 2.086821331768099697e+02
2.500000000000000000e+02 2.000000000000000000e+00 8.481400000000000716e+00 2.659250466214255937e+02
2.500000000000000000e+02 2.200000000000000178e+00 8.355000000000000426e+00 2.652656054809076522e+02
2.500000000000000000e+02 2.399999999999999911e+00 8.296900000000000830e+00 2.661134653186258845e+02
2.500000000000000000e+02 2.600000000000000089e+00 8.139400000000000190e+00 2.641903425298012849e+02
2.500000000000000000e+02 2.800000000000000266e+00 8.055899999999999395e+00 2.656218781725882252e+02
2.500000000000000000e+02 3.000000000000000000e+00 7.942499999999999893e+00 2.647778929825063017e+02
2.500000000000000000e+02 3.200000000000000178e+00 7.795499999999999652e+00 2.630249319374146353e+02
3.000000000000000000e+02 2.000000000000000000e+00 8.988699999999999690e+00 3.155828633183440388e+02
3.000000000000000000e+02 2.200000000000000178e+00 8.890100000000000335e+00 3.168420530454216077e+02
3.000000000000000000e+02 2.399999999999999911e+00 8.736800000000000566e+00 3.114678704094432646e+02
3.000000000000000000e+02 2.600000000000000089e+00 8.610400000000000276e+00 3.106618549874286259e+02
3.000000000000000000e+02 2.800000000000000266e+00 8.471700000000000230e+00 3.089898838384530109e+02
3.000000000000000000e+02 3.000000000000000000e+00 8.354300000000000281e+00 3.095847874902369199e+02
3.000000000000000000e+02 3.200000000000000178e+00 8.235599999999999810e+00 3.089638096673664904e+02
3.500000000000000000e+02 2.000000000000000000e+00 9.298700000000000188e+00 3.548073898453869219e+02
3.500000000000000000e+02 2.200000000000000178e+00 9.152799999999999159e+00 3.523478977452776348e+02
3.500000000000000000e+02 2.399999999999999911e+00 9.050900000000000389e+00 3.509459902288191984e+02
3.500000000000000000e+02 2.600000000000000089e+00 8.935000000000000497e+00 3.513862025184002960e+02
3.500000000000000000e+02 2.800000000000000266e+00 8.819599999999999440e+00 3.513310829399571276e+02
3.500000000000000000e+02 3.000000000000000000e+00 8.703400000000000247e+00 3.506386919614727162e+02
3.500000000000000000e+02 3.200000000000000178e+00 8.575699999999999434e+00 3.499512863221707448e+02
4.000000000000000000e+02 2.000000000000000000e+00 9.504799999999999471e+00 4.045305574788795298e+02
4.000000000000000000e+02 2.200000000000000178e+00 9.392799999999999372e+00 4.082187844024646779e+02
4.000000000000000000e+02 2.399999999999999911e+00 9.278700000000000614e+00 4.057638538866027034e+02
4.000000000000000000e+02 2.600000000000000089e+00 9.159299999999999997e+00 4.007995175125919900e+02
4.000000000000000000e+02 2.800000000000000266e+00 9.040900000000000603e+00 4.017343735241852869e+02
4.000000000000000000e+02 3.000000000000000000e+00 8.925900000000000389e+00 3.999025713297126572e+02
4.000000000000000000e+02 3.200000000000000178e+00 8.811899999999999622e+00 3.981140439615616060e+02
4.500000000000000000e+02 2.000000000000000000e+00 9.690400000000000347e+00 4.653083401252760609e+02
4.500000000000000000e+02 2.200000000000000178e+00 9.596600000000000463e+00 4.644204549423914159e+02
4.500000000000000000e+02 2.399999999999999911e+00 9.479900000000000659e+00 4.612684947626607368e+02
4.500000000000000000e+02 2.600000000000000089e+00 9.366099999999999426e+00 4.567185649717823139e+02
4.500000000000000000e+02 2.800000000000000266e+00 9.239900000000000446e+00 4.533974821508478499e+02
4.500000000000000000e+02 3.000000000000000000e+00 9.130100000000000549e+00 4.494370801747164705e+02
4.500000000000000000e+02 3.200000000000000178e+00 9.012000000000000455e+00 4.461228017734715650e+02
