# T_int  log_g  S  T_eff
1.00000000e+02 2.80000000e+00 5.56300000e+00 1.00000000e+02
1.00000000e+02 3.00000000e+00 5.47010000e+00 1.00000000e+02
1.00000000e+02 3.20000000e+00 5.39000000e+00 1.00000000e+02
1.00000000e+02 3.40000000e+00 5.25600000e+00 1.00000000e+02
1.00000000e+02 3.60000000e+00 5.17790000e+00 1.00000000e+02
1.00000000e+02 3.80000000e+00 5.08320000e+00 1.00000000e+02
1.00000000e+02 4.00000000e+00 4.96920000e+00 1.00000000e+02
1.00000000e+02 4.20000000e+00 4.89560000e+00 1.00000000e+02
1.00000000e+02 4.40000000e+00 4.79510000e+00 1.00000000e+02
1.50000000e+02 2.80000000e+00 6.12240000e+00 1.50000000e+02
1.50000000e+02 3.00000000e+00 6.05170000e+00 1.50000000e+02
1.50000000e+02 3.20000000e+00 5.96410000e+00 1.50000000e+02
1.50000000e+02 3.40000000e+00 5.87360000e+00 1.50000000e+02
1.50000000e+02 3.60000000e+00 5.77850000e+00 1.50000000e+02
1.50000000e+02 3.80000000e+00 5.73640000e+00 1.50000000e+02
1.50000000e+02 4.00000000e+00 5.58910000e+00 1.50000000e+02
1.50000000e+02 4.20000000e+00 5.49630000e+00 1.50000000e+02
1.50000000e+02 4.40000000e+00 5.40610000e+00 1.50000000e+02
2.00000000e+02 2.80000000e+00 6.64660000e+00 2.00000000e+02
2.00000000e+02 3.00000000e+00 6.58080000e+00 2.00000000e+02
2.00000000e+02 3.20000000e+00 6.48550000e+00 2.00000000e+02
2.00000000e+02 3.40000000e+00 6.33730000e+00 2.00000000e+02
2.00000000e+02 3.60000000e+00 6.24350000e+00 2.00000000e+02
2.00000000e+02 3.80000000e+00 6.09890000e+00 2.00000000e+02
2.00000000e+02 4.00000000e+00 5.99780000e+00 2.00000000e+02
2.00000000e+02 4.20000000e+00 5.98290000e+00 2.00000000e+02
2.00000000e+02 4.40000000e+00 5.88520000e+00 2.00000000e+02
2.50000000e+02 2.80000000e+00 7.25120000e+00 2.50000000e+02
2.50000000e+02 3.00000000e+00 7.16140000e+00 2.50000000e+02
2.50000000e+02 3.20000000e+00 6.99120000e+00 2.50000000e+02
2.50000000e+02 3.40000000e+00 6.86530000e+00 2.50000000e+02
2.50000000e+02 3.60000000e+00 6.81110000e+00 2.50000000e+02
2.50000000e+02 3.80000000e+00 6.64820000e+00 2.50000000e+02
2.50000000e+02 4.00000000e+00 6.61640000e+00 2.50000000e+02
2.50000000e+02 4.20000000e+00 6.48140000e+00 2.50000000e+02
2.50000000e+02 4.40000000e+00 6.39910000e+00 2.50000000e+02
3.00000000e+02 2.80000000e+00 7.93450000e+00 3.00000000e+02
3.00000000e+02 3.00000000e+00 7.75530000e+00 3.00000000e+02
3.00000000e+02 3.20000000e+00 7.51150000e+00 3.00000000e+02
3.00000000e+02 3.40000000e+00 7.29160000e+00 3.00000000e+02
3.00000000e+02 3.60000000e+00 7.24920000e+00 3.00000000e+02
3.00000000e+02 3.80000000e+00 7.15650000e+00 3.00000000e+02
3.00000000e+02 4.00000000e+00 7.01550000e+00 3.00000000e+02
3.00000000e+02 4.20000000e+00 6.93320000e+00 3.00000000e+02
3.00000000e+02 4.40000000e+00 6.81870000e+00 3.00000000e+02
3.50000000e+02 2.80000000e+00 8.08160000e+00 3.50000000e+02
3.50000000e+02 3.00000000e+00 7.95740000e+00 3.50000000e+02
3.50000000e+02 3.20000000e+00 7.82460000e+00 3.50000000e+02
3.50000000e+02 3.40000000e+00 7.76430000e+00 3.50000000e+02
3.50000000e+02 3.60000000e+00 7.62450000e+00 3.50000000e+02
3.50000000e+02 3.80000000e+00 7.51470000e+00 3.50000000e+02
3.50000000e+02 4.00000000e+00 7.40870000e+00 3.50000000e+02
3.50000000e+02 4.20000000e+00 7.32990000e+00 3.50000000e+02
3.50000000e+02 4.40000000e+00 7.19280000e+00 3.50000000e+02
4.00000000e+02 2.80000000e+00 8.21240000e+00 4.00000000e+02
4.00000000e+02 3.00000000e+00 8.10740000e+00 4.00000000e+02
4.00000000e+02 3.20000000e+00 7.98570000e+00 4.00000000e+02
4.00000000e+02 3.40000000e+00 7.87220000e+00 4.00000000e+02
4.00000000e+02 3.60000000e+00 7.75930000e+00 4.00000000e+02
4.00000000e+02 3.80000000e+00 7.65120000e+00 4.00000000e+02
4.00000000e+02 4.00000000e+00 7.53820000e+00 4.00000000e+02
4.00000000e+02 4.20000000e+00 7.43450000e+00 4.00000000e+02
4.00000000e+02 4.40000000e+00 7.31930000e+00 4.00000000e+02
4.50000000e+02 2.80000000e+00 8.32550000e+00 4.50000000e+02
4.50000000e+02 3.00000000e+00 8.21210000e+00 4.50000000e+02
4.50000000e+02 3.20000000e+00 8.10640000e+00 4.50000000e+02
4.50000000e+02 3.40000000e+00 7.98820000e+00 4.50000000e+02
4.50000000e+02 3.60000000e+00 7.86510000e+00 4.50000000e+02
4.50000000e+02 3.80000000e+00 7.75910000e+00 4.50000000e+02
4.50000000e+02 4.00000000e+00 7.64820000e+00 4.50000000e+02
4.50000000e+02 4.20000000e+00 7.54180000e+00 4.50000000e+02
4.50000000e+02 4.40000000e+00 7.42880000e+00 4.50000000e+02
5.00000000e+02 2.80000000e+00 8.45360000e+00 5.00000000e+02
5.00000000e+02 3.00000000e+00 8.32020000e+00 5.00000000e+02
5.00000000e+02 3.20000000e+00 8.21510000e+00 5.00000000e+02
5.00000000e+02 3.40000000e+00 8.09770000e+00 5.00000000e+02
5.00000000e+02 3.60000000e+00 7.97670000e+00 5.00000000e+02
5.00000000e+02 3.80000000e+00 7.86450000e+00 5.00000000e+02
5.00000000e+02 4.00000000e+00 7.75120000e+00 5.00000000e+02
5.00000000e+02 4.20000000e+00 7.64480000e+00 5.00000000e+02
5.00000000e+02 4.40000000e+00 7.53410000e+00 5.00000000e+02
6.00000000e+02 2.80000000e+00 8.63560000e+00 6.00000000e+02
6.00000000e+02 3.00000000e+00 8.51980000e+00 6.00000000e+02
6.00000000e+02 3.20000000e+00 8.39520000e+00 6.00000000e+02
6.00000000e+02 3.40000000e+00 8.28360000e+00 6.00000000e+02
6.00000000e+02 3.60000000e+00 8.16860000e+00 6.00000000e+02
6.00000000e+02 3.80000000e+00 8.05610000e+00 6.00000000e+02
6.00000000e+02 4.00000000e+00 7.93450000e+00 6.00000000e+02
6.00000000e+02 4.20000000e+00 7.82130000e+00 6.00000000e+02
6.00000000e+02 4.40000000e+00 7.71180000e+00 6.00000000e+02
7.00000000e+02 2.80000000e+00 8.80210000e+00 7.00000000e+02
7.00000000e+02 3.00000000e+00 8.68350000e+00 7.00000000e+02
7.00000000e+02 3.20000000e+00 8.56280000e+00 7.00000000e+02
7.00000000e+02 3.40000000e+00 8.43810000e+00 7.00000000e+02
7.00000000e+02 3.60000000e+00 8.33630000e+00 7.00000000e+02
7.00000000e+02 3.80000000e+00 8.22810000e+00 7.00000000e+02
7.00000000e+02 4.00000000e+00 8.10220000e+00 7.00000000e+02
7.00000000e+02 4.20000000e+00 7.98650000e+00 7.00000000e+02
7.00000000e+02 4.40000000e+00 7.86790000e+00 7.00000000e+02
8.00000000e+02 2.80000000e+00 8.96340000e+00 8.00000000e+02
8.00000000e+02 3.00000000e+00 8.86040000e+00 8.00000000e+02
8.00000000e+02 3.20000000e+00 8.72450000e+00 8.00000000e+02
8.00000000e+02 3.40000000e+00 8.61780000e+00 8.00000000e+02
8.00000000e+02 3.60000000e+00 8.47430000e+00 8.00000000e+02
8.00000000e+02 3.80000000e+00 8.36420000e+00 8.00000000e+02
8.00000000e+02 4.00000000e+00 8.24990000e+00 8.00000000e+02
8.00000000e+02 4.20000000e+00 8.13140000e+00 8.00000000e+02
8.00000000e+02 4.40000000e+00 8.01680000e+00 8.00000000e+02
9.00000000e+02 2.80000000e+00 9.09730000e+00 9.00000000e+02
9.00000000e+02 3.00000000e+00 8.99240000e+00 9.00000000e+02
9.00000000e+02 3.20000000e+00 8.87390000e+00 9.00000000e+02
9.00000000e+02 3.40000000e+00 8.77040000e+00 9.00000000e+02
9.00000000e+02 3.60000000e+00 8.64690000e+00 9.00000000e+02
9.00000000e+02 3.80000000e+00 8.51320000e+00 9.00000000e+02
9.00000000e+02 4.00000000e+00 8.40070000e+00 9.00000000e+02
9.00000000e+02 4.20000000e+00 8.27800000e+00 9.00000000e+02
9.00000000e+02 4.40000000e+00 8.15940000e+00 9.00000000e+02
1.00000000e+03 2.80000000e+00 9.27290000e+00 1.00000000e+03
1.00000000e+03 3.00000000e+00 9.14990000e+00 1.00000000e+03
1.00000000e+03 3.20000000e+00 9.02790000e+00 1.00000000e+03
1.00000000e+03 3.40000000e+00 8.90860000e+00 1.00000000e+03
1.00000000e+03 3.60000000e+00 8.77340000e+00 1.00000000e+03
1.00000000e+03 3.80000000e+00 8.65400000e+00 1.00000000e+03
1.00000000e+03 4.00000000e+00 8.53150000e+00 1.00000000e+03
1.00000000e+03 4.20000000e+00 8.42240000e+00 1.00000000e+03
1.00000000e+03 4.40000000e+00 8.29600000e+00 1.00000000e+03
1.10000000e+03 2.80000000e+00 9.47430000e+00 1.10000000e+03
1.10000000e+03 3.00000000e+00 9.32930000e+00 1.10000000e+03
1.10000000e+03 3.20000000e+00 9.18830000e+00 1.10000000e+03
1.10000000e+03 3.40000000e+00 9.05020000e+00 1.10000000e+03
1.10000000e+03 3.60000000e+00 8.92230000e+00 1.10000000e+03
1.10000000e+03 3.80000000e+00 8.82020000e+00 1.10000000e+03
1.10000000e+03 4.00000000e+00 8.67170000e+00 1.10000000e+03
1.10000000e+03 4.20000000e+00 8.55320000e+00 1.10000000e+03
1.10000000e+03 4.40000000e+00 8.42790000e+00 1.10000000e+03
1.20000000e+03 2.80000000e+00 9.67540000e+00 1.20000000e+03
1.20000000e+03 3.00000000e+00 9.53670000e+00 1.20000000e+03
1.20000000e+03 3.20000000e+00 9.32750000e+00 1.20000000e+03
1.20000000e+03 3.40000000e+00 9.19880000e+00 1.20000000e+03
1.20000000e+03 3.60000000e+00 9.09020000e+00 1.20000000e+03
1.20000000e+03 3.80000000e+00 8.95920000e+00 1.20000000e+03
1.20000000e+03 4.00000000e+00 8.82220000e+00 1.20000000e+03
1.20000000e+03 4.20000000e+00 8.68350000e+00 1.20000000e+03
1.20000000e+03 4.40000000e+00 8.57580000e+00 1.20000000e+03
1.30000000e+03 2.80000000e+00 9.86900000e+00 1.30000000e+03
1.30000000e+03 3.00000000e+00 9.68130000e+00 1.30000000e+03
1.30000000e+03 3.20000000e+00 9.49970000e+00 1.30000000e+03
1.30000000e+03 3.40000000e+00 9.41520000e+00 1.30000000e+03
1.30000000e+03 3.60000000e+00 9.24430000e+00 1.30000000e+03
1.30000000e+03 3.80000000e+00 9.09630000e+00 1.30000000e+03
1.30000000e+03 4.00000000e+00 8.97170000e+00 1.30000000e+03
1.30000000e+03 4.20000000e+00 8.81610000e+00 1.30000000e+03
1.30000000e+03 4.40000000e+00 8.70310000e+00 1.30000000e+03
1.40000000e+03 2.80000000e+00 1.00830000e+01 1.40000000e+03
1.40000000e+03 3.00000000e+00 9.89580000e+00 1.40000000e+03
1.40000000e+03 3.20000000e+00 9.69930000e+00 1.40000000e+03
1.40000000e+03 3.40000000e+00 9.57590000e+00 1.40000000e+03
1.40000000e+03 3.60000000e+00 9.45300000e+00 1.40000000e+03
1.40000000e+03 3.80000000e+00 9.23270000e+00 1.40000000e+03
1.40000000e+03 4.00000000e+00 9.14030000e+00 1.40000000e+03
1.40000000e+03 4.20000000e+00 8.96540000e+00 1.40000000e+03
1.40000000e+03 4.40000000e+00 8.85190000e+00 1.40000000e+03
