9.000000000000000000e+01 2.399999999999999911e+00 6.503000000000000114e+00 1.158864857575649836e+02
9.000000000000000000e+01 2.600000000000000089e+00 6.350200000000000067e+00 1.155827252800129827e+02
9.000000000000000000e+01 2.799999999999999822e+00 6.265699999999999825e+00 1.145653187356659328e+02
9.000000000000000000e+01 3.000000000000000000e+00 6.181899999999999729e+00 1.144164061432652488e+02
9.000000000000000000e+01 3.200000000000000178e+00 6.166800000000000281e+00 1.147582937565920329e+02
9.000000000000000000e+01 3.400000000000000355e+00 6.078800000000000203e+00 1.133872821585599695e+02
9.000000000000000000e+01 3.600000000000000089e+00 5.887999999999999901e+00 1.131928564846305857e+02
1.000000000000000000e+02 2.399999999999999911e+00 6.557299999999999685e+00 1.214287345020383952e+02
1.000000000000000000e+02 2.600000000000000089e+00 6.460700000000000109e+00 1.213996885400046040e+02
1.000000000000000000e+02 2.799999999999999822e+00 6.369900000000000340e+00 1.205536704351849409e+02
1.000000000000000000e+02 3.000000000000000000e+00 6.277099999999999902e+00 1.203872821585599695e+02
1.000000000000000000e+02 3.200000000000000178e+00 6.187800000000000189e+00 1.203872821585599695e+02
1.000000000000000000e+02 3.400000000000000355e+00 6.158299999999999663e+00 1.201342353448995983e+02
1.000000000000000000e+02 3.600000000000000089e+00 6.061399999999999899e+00 1.205302815521735766e+02
1.500000000000000000e+02 2.399999999999999911e+00 7.158199999999999896e+00 1.615908493525169547e+02
1.500000000000000000e+02 2.600000000000000089e+00 7.083400000000000141e+00 1.615744403264623372e+02
1.500000000000000000e+02 2.799999999999999822e+00 7.054700000000000415e+00 1.615408842180630131e+02
1.500000000000000000e+02 3.000000000000000000e+00 7.002600000000000158e+00 1.614377018397200629e+02
1.500000000000000000e+02 3.200000000000000178e+00 6.908299999999999663e+00 1.618310378943570811e+02
1.500000000000000000e+02 3.400000000000000355e+00 6.802100000000000257e+00 1.607754399679724031e+02
1.500000000000000000e+02 3.600000000000000089e+00 6.646200000000000330e+00 1.597669043714874988e+02
2.000000000000000000e+02 2.399999999999999911e+00 7.658599999999999852e+00 2.129551320461628450e+02
2.000000000000000000e+02 2.600000000000000089e+00 7.556899999999999729e+00 2.129352353518936525e+02
2.000000000000000000e+02 2.799999999999999822e+00 7.451299999999999812e+00 2.128689392220482546e+02
2.000000000000000000e+02 3.000000000000000000e+00 7.326800000000000423e+00 2.110433523844744457e+02
2.000000000000000000e+02 3.200000000000000178e+00 7.206800000000000317e+00 2.111458773930698669e+02
2.000000000000000000e+02 3.400000000000000355e+00 7.099499999999999922e+00 2.113370536962277981e+02
2.000000000000000000e+02 3.600000000000000089e+00 6.945299999999999585e+00 2.114210571059037136e+02
2.500000000000000000e+02 2.399999999999999911e+00 8.093500000000000583e+00 2.592159213018384207e+02
2.500000000000000000e+02 2.600000000000000089e+00 7.984099999999999753e+00 2.589776279161148409e+02
2.500000000000000000e+02 2.799999999999999822e+00 7.923799999999999955e+00 2.564324546770516804e+02
2.500000000000000000e+02 3.000000000000000000e+00 7.748599999999999710e+00 2.558717660858972920e+02
2.500000000000000000e+02 3.200000000000000178e+00 7.668700000000000294e+00 2.548254661102782279e+02
2.500000000000000000e+02 3.400000000000000355e+00 7.562199999999999811e+00 2.530122551279324057e+02
2.500000000000000000e+02 3.600000000000000089e+00 7.399600000000000399e+00 2.553121185804982645e+02
3.000000000000000000e+02 2.399999999999999911e+00 8.525800000000000267e+00 3.099775192336196028e+02
3.000000000000000000e+02 2.600000000000000089e+00 8.412900000000000489e+00 3.098692977049402316e+02
3.000000000000000000e+02 2.799999999999999822e+00 8.292899999999999494e+00 3.094532915313578769e+02
3.000000000000000000e+02 3.000000000000000000e+00 8.175900000000000389e+00 3.096531345849571721e+02
3.000000000000000000e+02 3.200000000000000178e+00 8.061199999999999477e+00 3.098858726311364080e+02
3.000000000000000000e+02 3.400000000000000355e+00 7.969999999999999751e+00 3.096572471294315392e+02
3.000000000000000000e+02 3.600000000000000089e+00 7.876299999999999635e+00 3.096250726356378777e+02
3.500000000000000000e+02 2.399999999999999911e+00 8.883699999999999264e+00 3.599162603521172059e+02
3.500000000000000000e+02 2.600000000000000089e+00 8.714999999999999858e+00 3.599047349861685348e+02
3.500000000000000000e+02 2.799999999999999822e+00 8.595200000000000173e+00 3.598247233117450605e+02
3.500000000000000000e+02 3.000000000000000000e+00 8.486399999999999721e+00 3.587856723474465070e+02
3.500000000000000000e+02 3.200000000000000178e+00 8.364000000000000767e+00 3.578733231836570212e+02
3.500000000000000000e+02 3.400000000000000355e+00 8.244999999999999218e+00 3.567374323029419543e+02
3.500000000000000000e+02 3.600000000000000089e+00 8.107799999999999230e+00 3.592495368222338357e+02
4.000000000000000000e+02 2.399999999999999911e+00 9.064700000000000202e+00 4.097996308360102375e+02
4.000000000000000000e+02 2.600000000000000089e+00 8.989800000000000679e+00 4.093607607574751341e+02
4.000000000000000000e+02 2.799999999999999822e+00 8.851499999999999702e+00 4.089450646974242431e+02
4.000000000000000000e+02 3.000000000000000000e+00 8.739900000000000446e+00 4.045236176006968094e+02
4.000000000000000000e+02 3.200000000000000178e+00 8.621600000000000819e+00 4.040880891368226457e+02
4.000000000000000000e+02 3.400000000000000355e+00 8.497099999999999653e+00 4.036910057733035728e+02
4.000000000000000000e+02 3.600000000000000089e+00 8.371100000000000207e+00 4.035320035550531088e+02
4.500000000000000000e+02 2.399999999999999911e+00 9.297800000000000509e+00 4.550142670680907599e+02
4.500000000000000000e+02 2.600000000000000089e+00 9.177699999999999747e+00 4.547723237833453709e+02
4.500000000000000000e+02 2.799999999999999822e+00 9.067700000000000315e+00 4.539703417611651162e+02
4.500000000000000000e+02 3.000000000000000000e+00 8.936899999999999622e+00 4.545518061029233081e+02
4.500000000000000000e+02 3.200000000000000178e+00 8.821999999999999176e+00 4.497011470080376512e+02
4.500000000000000000e+02 3.400000000000000355e+00 8.686999999999999389e+00 4.511552534285460183e+02
4.500000000000000000e+02 3.600000000000000089e+00 8.565500000000000114e+00 4.515374079576002373e+02
