0.6876266092983545 197.5759144237405
0.7168906221225162 195.7459949559534
0.7387056135005274 193.61073052409367
0.7642451156016141 191.67544554053504
0.7940412013862148 189.71435675719562
0.8238372871708162 187.77907177363699
0.855761664797174 185.83411036516054
0.8876860424235322 183.96010940608124
0.9217387118916478 182.059229488897
0.9579196732015203 180.15942473003693
0.9941006345113927 178.31767852068361
1.0324098876630226 176.4856087362481
1.0707191408146524 174.68794401818698
1.1111566858080395 172.89673025007102
1.1515942308014266 171.15282344821986
1.1941600676365707 169.3809625299395
1.2345976126299578 167.62092835322534
1.275035157623345 165.854443226566
1.317600994458489 164.06537977509845
1.366551706818905 162.31502202330205
1.409117543654049 160.58401712134128
1.452747526410072 158.3431004648236
1.5900223502034123 153.8173615954946
1.6334395037752594 152.19391162262005
1.6836671912407297 150.75366537013355
1.7347461954429026 149.15938476840012
1.7858251996450756 147.6197580481468
1.8411607875307632 146.1661439938294
1.8964963754164508 144.72973247269923
1.9518319633021384 143.35352981772417
2.0071675511878255 141.917118296594
2.066759722757028 140.59252324118052
2.1263518943262296 139.28513071895424
2.1859440658954314 137.98633946332154
2.2455362374646333 136.747757073844
2.3051284090338355 135.4919721511793
2.3647205806030374 134.26199102829537
2.4285693358557534 133.10942130475377
2.4881615074249557 131.9052439816506
2.5520102626776717 130.76127552470263
2.615859017930388 129.63450960094184
2.6797077731831047 128.51634494377458
2.7435565284358208 127.44978788616895
2.8074052836885377 126.37462956196971
2.9414876697192414 124.34329710144927
3.0713134720664312 122.34923679616774
3.1394188110026624 121.411698737466
3.2075241499388927 120.53436954491941
3.275629488875124 119.63123655259206
3.343734827811355 118.72810356026469
3.4118401667475853 117.90238196727967
3.4799455056838164 117.05945784110746
3.5480508446200467 116.18212864856086
3.616156183556278 115.35640705557586
3.688518106176023 114.59949559533958
3.756623445112254 113.79097653554176
3.826857075890242 113.03406507530548
3.8949624148264723 112.20117576015913
3.9651960456044604 111.4428307554906
4.035429676382448 110.67588448422846
4.1056633071604365 109.92900783501806
4.1758969379384245 109.18069764137539
4.246130568716413 108.42378618113912
4.314235907652643 107.67547598749644
4.386597830272389 106.98737466000894
4.456831461050377 106.29067206592782
4.530789602551439 105.47785237283318
4.586049180014207 104.83705801161044
4.66753235338434 104.1833617504973
4.739894276004086 103.54686802257135
4.812256198623831 102.9103742946454
4.882489829401819 102.23660841148053
4.954851752021564 101.59438050582551
5.025085382799552 100.95788677789956
5.09531901357754 100.26978545041204
5.167680936197285 99.69780122193805
5.240042858817031 99.1659562375675
5.312404781436776 98.59397200909349
5.384766704056521 98.04205740267122
5.4571286266762655 97.49014279624893
5.529490549296011 96.91815856777494
5.601852471915756 96.38631358340437
5.674214394535501 95.86450341005967
5.7550894845222755 95.20621980676329
5.829579698983778 94.93309049575033
5.901941621603523 94.65941383140871
5.965039215029736 94.35711738517516
