0.7411379470339643 197.53290809077254
0.7709340328185652 195.69223703974342
0.7876563258609433 194.41838945723217
0.8106805739672263 193.01333346250226
0.8323504545378446 191.684906933788
0.8540203351084634 190.36961688496214
0.8791728750565033 189.00761935208865
0.90471237715759 187.64288505257173
0.9318890268292588 186.25267777121996
0.9579196732015203 184.91341645353793
0.9841686059165258 183.63899545325376
1.0203495672263982 182.14380861040067
1.0553954395540006 180.60045467462345
1.0920020592322248 179.18640644663662
1.1239264368585826 177.88654003267973
1.1579791063266982 176.55441886899686
1.1920317757948138 175.2373499218528
1.226084445262929 173.9353331912475
1.2601371147310445 172.62579035237283
1.296318076040917 171.256038647343
1.3346273291925468 169.81771573363645
1.3729365823441766 168.47974093018848
1.4112458354958064 167.16183574879227
1.4495550886474362 165.89744955953395
1.489992633640823 164.63306337027564
1.5346867623177247 163.24825944870702
1.5815091828363834 161.92366439329354
1.6283316033550421 160.6045428711669
1.6751540238737008 159.3729978816296
1.7219764443923595 158.19071469167375
1.7687988649110178 157.0357991681521
1.8156212854296765 155.96298664393294
1.8624437059483352 154.9011211862874
1.909266126466994 153.88304399493657
1.9560885469856526 152.91970213645405
2.0029109675043113 151.94541321139786
2.04973338802297 151.0313331524968
2.0965558085416287 150.1719884264641
2.1433782290602874 149.30169663385774
2.190200649578946 148.46971957425922
2.2370230700976044 147.692477847529
2.283845490616263 146.91523612079877
2.330667911134921 146.16536206050273
2.377490331653580 145.45927626650132
2.424312752172239 144.79150520550775
2.471135172690898 144.1073135446537
2.517957593209556 143.46143661680745
2.5647800137282153 142.87029502182955
2.611602434246874 142.28462696013847
2.6584248547655327 141.6989588984474
2.705247275284191 141.14065850319048
2.7520696958028497 140.61519930765454
2.7988921163215084 140.10068717869228
2.845714536840167 139.5807015164432
2.8925369573588258 139.06618938748093
2.9393593778774845 138.60093905810018
2.986181798396143 138.13021519543258
3.033004218914802 137.6813854659123
3.0798266394334606 137.21066160324472
3.1266490599521193 136.7563583404376
3.173471480470778 136.351316877212
3.2202939009894367 135.94080188069958
3.2671163215080954 135.54123395076078
3.313938742026754 135.1361924875352
3.360761162545412 134.72567749102274
3.4075835830640706 134.358950760805
3.4544060035827293 134.00317109716087
3.501228424101388 133.64739143351676
3.5480508446200467 133.2861382365858
3.5948732651387054 132.93035857294169
3.641695685657364 132.57457890929757
3.688518106176023 132.26806104523496
3.7353405266946815 131.96154318117232
3.7821629472133402 131.64407825053604
3.828985367731999 131.33756038647343
3.8758077882506576 131.03651605569763
3.9226302087693163 130.71905112506136
3.969452629287975 130.44537446071973
4.016275049806634 130.18264486295175
4.0630974703252924 129.91991526518382
4.109919890843951 129.651712134129
4.15674231136261 129.3835090030742
4.203564731881269 129.12077940530625
4.250387152399927 128.8580498075383
4.297209572918585 128.59532020977034
4.344031993437244 128.36543181172337
4.390854413955902 128.14649048025007
4.437676834474561 127.91112854891627
4.48449925499322 127.68671368415613
4.531321675511879 127.46777235268283
4.578144096030537 127.23788395463588
4.624966516549196 127.00252202330206
4.671788937067855 126.78358069182876
4.718611357586513 126.61390115993696
4.765433778105172 126.41138042832416
4.812256198623831 126.23075382985868
4.8590786191424895 126.03918016481954
4.905901039661148 125.84760649978041
4.952723460179807 125.66697990131493
5.084677554368754 125.01714986609487
5.131499974887412 124.96636764060038
5.178322395406071 124.74195277584025
5.22514481592473 124.62153504352993
5.2719672364433885 124.47374964478544
5.318789656962047 124.32596424604097
5.365612077480706 124.16175824743598
5.412434497999365 124.00849931540468
5.459256918518023 123.92092278281535
5.506079339036682 123.65819318504741
5.5525470442483815 123.58901380600548
5.603714727277294 123.4125683788008
5.6447730240578595 123.22441567206593
5.692038838710218 123.18678513071893
5.7431383072570235 123.05343793035608
5.783365361848478 122.99863242398409
5.833836282667292 122.63464246040972
5.880658703185951 122.48138352837842
5.9274811237046094 122.33907166292076
6.000000000000001 121.99346405228758