2.000000000000000000e+02 3.000000000000000000e+00 6.492323881346852659e+02
2.000000000000000000e+02 3.230448921378274107e+00 5.892564244679358580e+02
2.000000000000000000e+02 3.491361693834272639e+00 5.361174043450548652e+02
2.000000000000000000e+02 3.748188027006200240e+00 4.871796271449839537e+02
2.000000000000000000e+02 4.000000000000000000e+00 4.420398832440460524e+02
2.000000000000000000e+02 4.250420002308893608e+00 4.009781016043115187e+02
2.000000000000000000e+02 4.499687082618403444e+00 3.633164049741998838e+02
2.000000000000000000e+02 4.749736315569061063e+00 3.289062830808175590e+02
2.000000000000000000e+02 5.000000000000000000e+00 2.971235496780574863e+02
2.000000000000000000e+02 5.250420002308893608e+00 2.682456716736334670e+02
2.000000000000000000e+02 5.499687082618403444e+00 2.416303258386431594e+02
2.250000000000000000e+02 3.000000000000000000e+00 7.455632252642022877e+02
2.250000000000000000e+02 3.230448921378274107e+00 6.771936081248551318e+02
2.250000000000000000e+02 3.491361693834272639e+00 6.150242246006469031e+02
2.250000000000000000e+02 3.748188027006200240e+00 5.575516807913563753e+02
2.250000000000000000e+02 4.000000000000000000e+00 5.051660286114589553e+02
2.250000000000000000e+02 4.250420002308893608e+00 4.569861537326154348e+02
2.250000000000000000e+02 4.499687082618403444e+00 4.130619273679090497e+02
2.250000000000000000e+02 4.749736315569061063e+00 3.729101688881401628e+02
2.250000000000000000e+02 5.000000000000000000e+00 3.358252109412675850e+02
2.250000000000000000e+02 5.250420002308893608e+00 3.024204413074505169e+02
2.250000000000000000e+02 5.499687082618403444e+00 2.719136214220371812e+02
2.500000000000000000e+02 3.000000000000000000e+00 8.474008501941616487e+02
2.500000000000000000e+02 3.230448921378274107e+00 7.694375795822168129e+02
2.500000000000000000e+02 3.491361693834272639e+00 6.987170199917893569e+02
2.500000000000000000e+02 3.748188027006200240e+00 6.325516613320307897e+02
2.500000000000000000e+02 4.000000000000000000e+00 5.723056717080437465e+02
2.500000000000000000e+02 4.250420002308893608e+00 5.170849689802419107e+02
2.500000000000000000e+02 4.499687082618403444e+00 4.662942894765359370e+02
2.500000000000000000e+02 4.749736315569061063e+00 4.200959498302694897e+02
2.500000000000000000e+02 5.000000000000000000e+00 3.773036859621577719e+02
2.500000000000000000e+02 5.250420002308893608e+00 3.387519987417099969e+02
2.500000000000000000e+02 5.499687082618403444e+00 3.036587432428655120e+02
2.750000000000000000e+02 3.000000000000000000e+00 9.513150812239000516e+02
2.750000000000000000e+02 3.230448921378274107e+00 8.641082090538326383e+02
2.750000000000000000e+02 3.491361693834272639e+00 7.843765718758029379e+02
2.750000000000000000e+02 3.748188027006200240e+00 7.100750357729264124e+02
2.750000000000000000e+02 4.000000000000000000e+00 6.417187346620873996e+02
2.750000000000000000e+02 4.250420002308893608e+00 5.790626412091497741e+02
2.750000000000000000e+02 4.499687082618403444e+00 5.217167554141134360e+02
2.750000000000000000e+02 4.749736315569061063e+00 4.692671717857277258e+02
2.750000000000000000e+02 5.000000000000000000e+00 4.207356067977444809e+02
2.750000000000000000e+02 5.250420002308893608e+00 3.769236600049201229e+02
2.750000000000000000e+02 5.499687082618403444e+00 3.368161185172357932e+02
3.000000000000000000e+02 3.000000000000000000e+00 1.056512524453195738e+03
3.000000000000000000e+02 3.230448921378274107e+00 9.600887606537354486e+02
3.000000000000000000e+02 3.491361693834272639e+00 8.716398606055951177e+02
3.000000000000000000e+02 3.748188027006200240e+00 7.890835981493466988e+02
3.000000000000000000e+02 4.000000000000000000e+00 7.127618235733687015e+02
3.000000000000000000e+02 4.250420002308893608e+00 6.427596257490386051e+02
3.000000000000000000e+02 4.499687082618403444e+00 5.783592732661662694e+02
3.000000000000000000e+02 4.749736315569061063e+00 5.196358609708131553e+02
3.000000000000000000e+02 5.000000000000000000e+00 4.652975795478064924e+02
3.000000000000000000e+02 5.250420002308893608e+00 4.162153991398432140e+02
3.000000000000000000e+02 5.499687082618403444e+00 3.727634783042565232e+02
3.250000000000000000e+02 3.000000000000000000e+00 1.162953205839286966e+03
3.250000000000000000e+02 3.230448921378274107e+00 1.057272550410433496e+03
3.250000000000000000e+02 3.491361693834272639e+00 9.601143598727237531e+02
3.250000000000000000e+02 3.748188027006200240e+00 8.691822816802679199e+02
3.250000000000000000e+02 4.000000000000000000e+00 7.847315704989041478e+02
3.250000000000000000e+02 4.250420002308893608e+00 7.073385462304345310e+02
3.250000000000000000e+02 4.499687082618403444e+00 6.358984750897108142e+02
3.250000000000000000e+02 4.749736315569061063e+00 5.706635370477492870e+02
3.250000000000000000e+02 5.000000000000000000e+00 5.104862622265978871e+02
3.250000000000000000e+02 5.250420002308893608e+00 4.563738482034956974e+02
3.250000000000000000e+02 5.499687082618403444e+00 4.089817456672454341e+02
3.500000000000000000e+02 3.000000000000000000e+00 1.269083705524714333e+03
3.500000000000000000e+02 3.230448921378274107e+00 1.154572894352435014e+03
3.500000000000000000e+02 3.491361693834272639e+00 1.048849411791635930e+03
3.500000000000000000e+02 3.748188027006200240e+00 9.496321757485256967e+02
3.500000000000000000e+02 4.000000000000000000e+00 8.572679235242184177e+02
3.500000000000000000e+02 4.250420002308893608e+00 7.723112035576093604e+02
3.500000000000000000e+02 4.499687082618403444e+00 6.939076769132553864e+02
3.500000000000000000e+02 4.749736315569061063e+00 6.221502000165362460e+02
3.500000000000000000e+02 5.000000000000000000e+00 5.558549449053894023e+02
3.500000000000000000e+02 5.250420002308893608e+00 4.972256652101318082e+02
3.500000000000000000e+02 5.499687082618403444e+00 4.457633809732178634e+02
3.750000000000000000e+02 3.000000000000000000e+00 1.373734023509478220e+03
3.750000000000000000e+02 3.230448921378274107e+00 1.250456372622281151e+03
3.750000000000000000e+02 3.491361693834272639e+00 1.136499963745446394e+03
3.750000000000000000e+02 3.748188027006200240e+00 1.029188227737235138e+03
3.750000000000000000e+02 4.000000000000000000e+00 9.290908566920736575e+02
3.750000000000000000e+02 4.250420002308893608e+00 8.367288082678993533e+02
3.750000000000000000e+02 4.499687082618403444e+00 7.513601428508329718e+02
3.750000000000000000e+02 4.749736315569061063e+00 6.731590419450824356e+02
3.750000000000000000e+02 5.000000000000000000e+00 6.010269436126890241e+02
3.750000000000000000e+02 5.250420002308893608e+00 5.379641402310219291e+02
3.750000000000000000e+02 5.499687082618403444e+00 4.826550162791903062e+02
4.000000000000000000e+02 3.000000000000000000e+00 1.476044159793578501e+03
4.000000000000000000e+02 3.230448921378274107e+00 1.344269669191463663e+03
4.000000000000000000e+02 3.491361693834272639e+00 1.221937884157045346e+03
4.000000000000000000e+02 3.748188027006200240e+00 1.106981648183732432e+03
4.000000000000000000e+02 4.000000000000000000e+00 9.993703180879948604e+02
4.000000000000000000e+02 4.250420002308893608e+00 8.999488340528622530e+02
4.000000000000000000e+02 4.499687082618403444e+00 8.079092148881892399e+02
4.000000000000000000e+02 4.749736315569061063e+00 7.233823698329124454e+02
4.000000000000000000e+02 5.000000000000000000e+00 6.454892130211324002e+02
4.000000000000000000e+02 5.250420002308893608e+00 5.773467554141134315e+02
4.000000000000000000e+02 5.499687082618403444e+00 5.188540746590856543e+02
4.250000000000000000e+02 3.000000000000000000e+00 1.552506353162955520e+03
4.250000000000000000e+02 3.230448921378274107e+00 1.429547177296648670e+03
4.250000000000000000e+02 3.491361693834272639e+00 1.303998267500630163e+03
4.250000000000000000e+02 3.748188027006200240e+00 1.181693880727465967e+03
4.250000000000000000e+02 4.000000000000000000e+00 1.067422939768998276e+03
4.250000000000000000e+02 4.250420002308893608e+00 9.611354705824649045e+02
4.250000000000000000e+02 4.499687082618403444e+00 8.630914991251031552e+02
4.250000000000000000e+02 4.749736315569061063e+00 7.724477093684050715e+02
4.250000000000000000e+02 5.000000000000000000e+00 6.886781355865628029e+02
4.250000000000000000e+02 5.250420002308893608e+00 6.115040688572210001e+02
4.250000000000000000e+02 5.499687082618403444e+00 5.541401250587082359e+02
4.500000000000000000e+02 3.000000000000000000e+00 1.611972576402081359e+03
4.500000000000000000e+02 3.230448921378274107e+00 1.490173063550988445e+03
4.500000000000000000e+02 3.491361693834272639e+00 1.374553236496941281e+03
4.500000000000000000e+02 3.748188027006200240e+00 1.253648726027201974e+03
4.500000000000000000e+02 4.000000000000000000e+00 1.133026646501326468e+03
4.500000000000000000e+02 4.250420002308893608e+00 1.020612545177922016e+03
4.500000000000000000e+02 4.499687082618403444e+00 9.168937054903041144e+02
4.500000000000000000e+02 4.749736315569061063e+00 8.207649032828538793e+02
4.500000000000000000e+02 5.000000000000000000e+00 7.307389766769533708e+02
4.500000000000000000e+02 5.250420002308893608e+00 6.505863725534604782e+02
4.500000000000000000e+02 5.499687082618403444e+00 5.873714486130115802e+02
4.750000000000000000e+02 3.000000000000000000e+00 1.670270415487854279e+03
4.750000000000000000e+02 3.230448921378274107e+00 1.540166294180914974e+03
4.750000000000000000e+02 3.491361693834272639e+00 1.427558638782918706e+03
4.750000000000000000e+02 3.748188027006200240e+00 1.314958585275522637e+03
4.750000000000000000e+02 4.000000000000000000e+00 1.196387052183645210e+03
4.750000000000000000e+02 4.250420002308893608e+00 1.078495314149758315e+03
4.750000000000000000e+02 4.499687082618403444e+00 9.693824660408084810e+02
4.750000000000000000e+02 4.749736315569061063e+00 8.715093722263186464e+02
4.750000000000000000e+02 5.000000000000000000e+00 7.731643775566242311e+02
4.750000000000000000e+02 5.250420002308893608e+00 6.881643543868352708e+02
4.750000000000000000e+02 5.499687082618403444e+00 6.189948729665602514e+02
5.000000000000000000e+02 3.000000000000000000e+00 1.729244348397946169e+03
5.000000000000000000e+02 3.230448921378274107e+00 1.586659550052565464e+03
5.000000000000000000e+02 3.491361693834272639e+00 1.472952516108111013e+03
5.000000000000000000e+02 3.748188027006200240e+00 1.364753960807802059e+03
5.000000000000000000e+02 4.000000000000000000e+00 1.252684526957433263e+03
5.000000000000000000e+02 4.250420002308893608e+00 1.134810240954340770e+03
5.000000000000000000e+02 4.499687082618403444e+00 1.020726132562267139e+03
5.000000000000000000e+02 4.749736315569061063e+00 9.129841733209759695e+02
5.000000000000000000e+02 5.000000000000000000e+00 8.082788323438118141e+02
5.000000000000000000e+02 5.250420002308893608e+00 7.220764569230855159e+02
5.000000000000000000e+02 5.499687082618403444e+00 6.511474149505733067e+02
5.250000000000000000e+02 3.000000000000000000e+00 1.786814373639670293e+03
5.250000000000000000e+02 3.230448921378274107e+00 1.633065820356034919e+03
5.250000000000000000e+02 3.491361693834272639e+00 1.514562114802641190e+03
5.250000000000000000e+02 3.748188027006200240e+00 1.408084816926137364e+03
5.250000000000000000e+02 4.000000000000000000e+00 1.300958343827223416e+03
5.250000000000000000e+02 4.250420002308893608e+00 1.200097019112290127e+03
5.250000000000000000e+02 4.499687082618403444e+00 1.068856333669219566e+03
5.250000000000000000e+02 4.749736315569061063e+00 9.554858499507225815e+02
5.250000000000000000e+02 5.000000000000000000e+00 8.478374068356177986e+02
5.250000000000000000e+02 5.250420002308893608e+00 7.571112784713778865e+02
5.250000000000000000e+02 5.499687082618403444e+00 6.824514768548358461e+02
5.500000000000000000e+02 3.000000000000000000e+00 1.842947629511320883e+03
5.500000000000000000e+02 3.230448921378274107e+00 1.681410908702069264e+03
5.500000000000000000e+02 3.491361693834272639e+00 1.554117809418281240e+03
5.500000000000000000e+02 3.748188027006200240e+00 1.450957838132994311e+03
5.500000000000000000e+02 4.000000000000000000e+00 1.343386101103640613e+03
5.500000000000000000e+02 4.250420002308893608e+00 1.240874616398950593e+03
5.500000000000000000e+02 4.499687082618403444e+00 1.114138046846904899e+03
5.500000000000000000e+02 4.749736315569061063e+00 9.968400623791760609e+02
5.500000000000000000e+02 5.000000000000000000e+00 8.862244469004882603e+02
5.500000000000000000e+02 5.250420002308893608e+00 7.913326282477361246e+02
5.500000000000000000e+02 5.499687082618403444e+00 7.128517967849821844e+02
5.750000000000000000e+02 3.000000000000000000e+00 1.897632467362740272e+03
5.750000000000000000e+02 3.230448921378274107e+00 1.732605447498051262e+03
5.750000000000000000e+02 3.491361693834272639e+00 1.592612540900793874e+03
5.750000000000000000e+02 3.748188027006200240e+00 1.483344897187231481e+03
5.750000000000000000e+02 4.000000000000000000e+00 1.380989978428832956e+03
5.750000000000000000e+02 4.250420002308893608e+00 1.273617988220174084e+03
5.750000000000000000e+02 4.499687082618403444e+00 1.157662991683473592e+03
5.750000000000000000e+02 4.749736315569061063e+00 1.037172109681820984e+03
5.750000000000000000e+02 5.000000000000000000e+00 9.238596180250879115e+02
5.750000000000000000e+02 5.250420002308893608e+00 8.242769046940376256e+02
5.750000000000000000e+02 5.499687082618403444e+00 7.429722664773637462e+02
6.000000000000000000e+02 3.000000000000000000e+00 1.951532975484127746e+03
6.000000000000000000e+02 3.230448921378274107e+00 1.783559494359586097e+03
6.000000000000000000e+02 3.491361693834272639e+00 1.631536175481689042e+03
6.000000000000000000e+02 3.748188027006200240e+00 1.517537490334920449e+03
6.000000000000000000e+02 4.000000000000000000e+00 1.415826876960882146e+03
6.000000000000000000e+02 4.250420002308893608e+00 1.311750711778425739e+03
6.000000000000000000e+02 4.499687082618403444e+00 1.198088637365459135e+03
6.000000000000000000e+02 4.749736315569061063e+00 1.077497266703707965e+03
6.000000000000000000e+02 5.000000000000000000e+00 9.605468765228403072e+02
6.000000000000000000e+02 5.250420002308893608e+00 8.568153278004525646e+02
6.000000000000000000e+02 5.499687082618403444e+00 7.725457983404972993e+02
6.500000000000000000e+02 3.000000000000000000e+00 2.058098562896766907e+03
6.500000000000000000e+02 3.230448921378274107e+00 1.884144840332393187e+03
6.500000000000000000e+02 3.491361693834272639e+00 1.717971543169907591e+03
6.500000000000000000e+02 3.748188027006200240e+00 1.584144841718820317e+03
6.500000000000000000e+02 4.000000000000000000e+00 1.479963347433763602e+03
6.500000000000000000e+02 4.250420002308893608e+00 1.380400754286074289e+03
6.500000000000000000e+02 4.499687082618403444e+00 1.272910058123066847e+03
6.500000000000000000e+02 4.749736315569061063e+00 1.154133428341854142e+03
6.500000000000000000e+02 5.000000000000000000e+00 1.030351689044037812e+03
6.500000000000000000e+02 5.250420002308893608e+00 9.208171264945772236e+02
6.500000000000000000e+02 5.499687082618403444e+00 8.302840753551329271e+02
7.000000000000000000e+02 3.000000000000000000e+00 2.162781818768417452e+03
7.000000000000000000e+02 3.230448921378274107e+00 1.981206889004884943e+03
7.000000000000000000e+02 3.491361693834272639e+00 1.809889162090787295e+03
7.000000000000000000e+02 3.748188027006200240e+00 1.652909250195941922e+03
7.000000000000000000e+02 4.000000000000000000e+00 1.539665352000097073e+03
7.000000000000000000e+02 4.250420002308893608e+00 1.441127947108801436e+03
7.000000000000000000e+02 4.499687082618403444e+00 1.339978244683387175e+03
7.000000000000000000e+02 4.749736315569061063e+00 1.225687493875730297e+03
7.000000000000000000e+02 5.000000000000000000e+00 1.099035201412082415e+03
7.000000000000000000e+02 5.250420002308893608e+00 9.827044936239950630e+02
7.000000000000000000e+02 5.499687082618403444e+00 8.860445050081208365e+02
7.500000000000000000e+02 3.000000000000000000e+00 2.269012085449973256e+03
7.500000000000000000e+02 3.230448921378274107e+00 2.080562409747134552e+03
7.500000000000000000e+02 3.491361693834272639e+00 1.902210364046181212e+03
7.500000000000000000e+02 3.748188027006200240e+00 1.734490268557262425e+03
7.500000000000000000e+02 4.000000000000000000e+00 1.598415858359343702e+03
7.500000000000000000e+02 4.250420002308893608e+00 1.496767572557029780e+03
7.500000000000000000e+02 4.499687082618403444e+00 1.399407192354397921e+03
7.500000000000000000e+02 4.749736315569061063e+00 1.291661630263731013e+03
7.500000000000000000e+02 5.000000000000000000e+00 1.166277981194049289e+03
7.500000000000000000e+02 5.250420002308893608e+00 1.043592094370946825e+03
7.500000000000000000e+02 5.499687082618403444e+00 9.404509248731503703e+02
8.000000000000000000e+02 3.000000000000000000e+00 2.371030946067046443e+03
8.000000000000000000e+02 3.230448921378274107e+00 2.177800236788648363e+03
8.000000000000000000e+02 3.491361693834272639e+00 1.993524513476979337e+03
8.000000000000000000e+02 3.748188027006200240e+00 1.819571082075655340e+03
8.000000000000000000e+02 4.000000000000000000e+00 1.660453849870979639e+03
8.000000000000000000e+02 4.250420002308893608e+00 1.549779684138155289e+03
8.000000000000000000e+02 4.499687082618403444e+00 1.453215872014269280e+03
8.000000000000000000e+02 4.749736315569061063e+00 1.351563614302986934e+03
8.000000000000000000e+02 5.000000000000000000e+00 1.231237826012435789e+03
8.000000000000000000e+02 5.250420002308893608e+00 1.104386312971938423e+03
8.000000000000000000e+02 5.499687082618403444e+00 9.939803330170515210e+02
8.500000000000000000e+02 3.000000000000000000e+00 2.469535994446127006e+03
8.500000000000000000e+02 3.230448921378274107e+00 2.277491294460088739e+03
8.500000000000000000e+02 3.491361693834272639e+00 2.086477825930880499e+03
8.500000000000000000e+02 3.748188027006200240e+00 1.906607327590537807e+03
8.500000000000000000e+02 4.000000000000000000e+00 1.734421115110739947e+03
8.500000000000000000e+02 4.250420002308893608e+00 1.602697855194992826e+03
8.500000000000000000e+02 4.499687082618403444e+00 1.503338780705665840e+03
8.500000000000000000e+02 4.749736315569061063e+00 1.405628131562849603e+03
8.500000000000000000e+02 5.000000000000000000e+00 1.292554509169123321e+03
8.500000000000000000e+02 5.250420002308893608e+00 1.165136570081097034e+03
8.500000000000000000e+02 5.499687082618403444e+00 1.047514893276814064e+03
9.000000000000000000e+02 3.000000000000000000e+00 2.564556091204288805e+03
9.000000000000000000e+02 3.230448921378274107e+00 2.373740946067046480e+03
9.000000000000000000e+02 3.491361693834272639e+00 2.180827746769343321e+03
9.000000000000000000e+02 3.748188027006200240e+00 1.994157003840045718e+03
9.000000000000000000e+02 4.000000000000000000e+00 1.816783369232072118e+03
9.000000000000000000e+02 4.250420002308893608e+00 1.659414859823065171e+03
9.000000000000000000e+02 4.499687082618403444e+00 1.551952629232147046e+03
9.000000000000000000e+02 4.749736315569061063e+00 1.454975393915071663e+03
9.000000000000000000e+02 5.000000000000000000e+00 1.348930720131000498e+03
9.000000000000000000e+02 5.250420002308893608e+00 1.225181590929689264e+03
9.000000000000000000e+02 5.499687082618403444e+00 1.101693931326759412e+03
9.500000000000000000e+02 3.000000000000000000e+00 2.655593775673283290e+03
9.500000000000000000e+02 3.230448921378274107e+00 2.467921792510963769e+03
9.500000000000000000e+02 3.491361693834272639e+00 2.275915377516936587e+03
9.500000000000000000e+02 3.748188027006200240e+00 2.082211540296939347e+03
9.500000000000000000e+02 4.000000000000000000e+00 1.899392473692475505e+03
9.500000000000000000e+02 4.250420002308893608e+00 1.725469829263948668e+03
9.500000000000000000e+02 4.499687082618403444e+00 1.600754128354586101e+03
9.500000000000000000e+02 4.749736315569061063e+00 1.501531766837804753e+03
9.500000000000000000e+02 5.000000000000000000e+00 1.400300609120670742e+03
9.500000000000000000e+02 5.250420002308893608e+00 1.283149597178114618e+03
9.500000000000000000e+02 5.499687082618403444e+00 1.156586054179952953e+03
1.000000000000000000e+03 3.000000000000000000e+00 2.741192492010871320e+03
1.000000000000000000e+03 3.230448921378274107e+00 2.558817374185878634e+03
1.000000000000000000e+03 3.491361693834272639e+00 2.367778122539280957e+03
1.000000000000000000e+03 3.748188027006200240e+00 2.172203516321510051e+03
1.000000000000000000e+03 4.000000000000000000e+00 1.983973865309295888e+03
1.000000000000000000e+03 4.250420002308893608e+00 1.804063375541395544e+03
1.000000000000000000e+03 4.499687082618403444e+00 1.652636202268801981e+03
1.000000000000000000e+03 4.749736315569061063e+00 1.547026295185279878e+03
1.000000000000000000e+03 5.000000000000000000e+00 1.447713536155188422e+03
1.000000000000000000e+03 5.250420002308893608e+00 1.337475356412179053e+03
1.000000000000000000e+03 5.499687082618403444e+00 1.212016927834849184e+03
1.100000000000000000e+03 3.000000000000000000e+00 2.896369230696827799e+03
1.100000000000000000e+03 3.230448921378274107e+00 2.729757716348662598e+03
1.100000000000000000e+03 3.491361693834272639e+00 2.547667129335366099e+03
1.100000000000000000e+03 3.748188027006200240e+00 2.354030911723924874e+03
1.100000000000000000e+03 4.000000000000000000e+00 2.155660377790760776e+03
1.100000000000000000e+03 4.250420002308893608e+00 1.966465872880484085e+03
1.100000000000000000e+03 4.499687082618403444e+00 1.785778153819649333e+03
1.100000000000000000e+03 4.749736315569061063e+00 1.641938845181856323e+03
1.100000000000000000e+03 5.000000000000000000e+00 1.536452745124702233e+03
1.100000000000000000e+03 5.250420002308893608e+00 1.434321653413943750e+03
1.100000000000000000e+03 5.499687082618403444e+00 1.320033929806405922e+03
1.200000000000000000e+03 3.000000000000000000e+00 3.033872004151057354e+03
1.200000000000000000e+03 3.230448921378274107e+00 2.882016202009667268e+03
1.200000000000000000e+03 3.491361693834272639e+00 2.716705148525797995e+03
1.200000000000000000e+03 3.748188027006200240e+00 2.529485675138656916e+03
1.200000000000000000e+03 4.000000000000000000e+00 2.332709768145716225e+03
1.200000000000000000e+03 4.250420002308893608e+00 2.134299240521875618e+03
1.200000000000000000e+03 4.499687082618403444e+00 1.944526997103938584e+03
1.200000000000000000e+03 4.749736315569061063e+00 1.763663122046290027e+03
1.200000000000000000e+03 5.000000000000000000e+00 1.627311242831931622e+03
1.200000000000000000e+03 5.250420002308893608e+00 1.521591653413943732e+03
1.200000000000000000e+03 5.499687082618403444e+00 1.416975650417448378e+03
1.300000000000000000e+03 3.000000000000000000e+00 3.163093036159356870e+03
1.300000000000000000e+03 3.230448921378274107e+00 nan
1.300000000000000000e+03 3.491361693834272639e+00 2.868930381545366345e+03
1.300000000000000000e+03 3.748188027006200240e+00 2.694387372673726986e+03
1.300000000000000000e+03 4.000000000000000000e+00 2.506095503095167714e+03
1.300000000000000000e+03 4.250420002308893608e+00 2.307200911723924946e+03
1.300000000000000000e+03 4.499687082618403444e+00 2.109011135877586639e+03
1.300000000000000000e+03 4.749736315569061063e+00 1.918176630794089988e+03
1.300000000000000000e+03 5.000000000000000000e+00 1.738793730259489166e+03
1.300000000000000000e+03 5.250420002308893608e+00 1.609706907231024843e+03
1.300000000000000000e+03 5.499687082618403444e+00 1.504577976672247587e+03
1.400000000000000000e+03 3.000000000000000000e+00 3.278900638532194080e+03
1.400000000000000000e+03 3.230448921378274107e+00 nan
1.400000000000000000e+03 3.491361693834272639e+00 3.004547401078997154e+03
1.400000000000000000e+03 3.748188027006200240e+00 2.846968177796588407e+03
1.400000000000000000e+03 4.000000000000000000e+00 2.670562062504383903e+03
1.400000000000000000e+03 4.250420002308893608e+00 2.480101775716904285e+03
1.400000000000000000e+03 4.499687082618403444e+00 2.277599404370099364e+03
1.400000000000000000e+03 4.749736315569061063e+00 2.078980025688095793e+03
1.400000000000000000e+03 5.000000000000000000e+00 1.887515883547468547e+03
1.400000000000000000e+03 5.250420002308893608e+00 1.713036751020388692e+03
1.400000000000000000e+03 5.499687082618403444e+00 1.591917665738380265e+03
1.500000000000000000e+03 3.000000000000000000e+00 nan
1.500000000000000000e+03 3.230448921378274107e+00 nan
1.500000000000000000e+03 3.491361693834272639e+00 3.133465574519555048e+03
1.500000000000000000e+03 3.748188027006200240e+00 2.987308287228314839e+03
1.500000000000000000e+03 4.000000000000000000e+00 2.824352471375893401e+03
1.500000000000000000e+03 4.250420002308893608e+00 2.644578263205397434e+03
1.500000000000000000e+03 4.499687082618403444e+00 2.449315074640067905e+03
1.500000000000000000e+03 4.749736315569061063e+00 2.244820587874246030e+03
1.500000000000000000e+03 5.000000000000000000e+00 2.045354871604912205e+03
1.500000000000000000e+03 5.250420002308893608e+00 1.853726721995440585e+03
1.500000000000000000e+03 5.499687082618403444e+00 1.689425591270742871e+03
1.600000000000000000e+03 3.000000000000000000e+00 nan
1.600000000000000000e+03 3.230448921378274107e+00 nan
1.600000000000000000e+03 3.491361693834272639e+00 3.254007398688685498e+03
1.600000000000000000e+03 3.748188027006200240e+00 nan
1.600000000000000000e+03 4.000000000000000000e+00 2.966132696675016177e+03
1.600000000000000000e+03 4.250420002308893608e+00 2.799663417255737386e+03
1.600000000000000000e+03 4.499687082618403444e+00 2.615414656214352362e+03
1.600000000000000000e+03 4.749736315569061063e+00 2.415279064749345707e+03
1.600000000000000000e+03 5.000000000000000000e+00 2.208186876005250269e+03
1.600000000000000000e+03 5.250420002308893608e+00 2.008839491710732773e+03
1.600000000000000000e+03 5.499687082618403444e+00 1.818220952727507211e+03
1.700000000000000000e+03 3.000000000000000000e+00 nan
1.700000000000000000e+03 3.230448921378274107e+00 nan
1.700000000000000000e+03 3.491361693834272639e+00 nan
1.700000000000000000e+03 3.748188027006200240e+00 nan
1.700000000000000000e+03 4.000000000000000000e+00 nan
1.700000000000000000e+03 4.250420002308893608e+00 2.941382518080718910e+03
1.700000000000000000e+03 4.499687082618403444e+00 2.771293955884345905e+03
1.700000000000000000e+03 4.749736315569061063e+00 2.581110812507163246e+03
1.700000000000000000e+03 5.000000000000000000e+00 2.376106244953798523e+03
1.700000000000000000e+03 5.250420002308893608e+00 2.167535237994544786e+03
1.700000000000000000e+03 5.499687082618403444e+00 1.968053755409903715e+03
1.800000000000000000e+03 3.000000000000000000e+00 nan
1.800000000000000000e+03 3.230448921378274107e+00 nan
1.800000000000000000e+03 3.491361693834272639e+00 nan
1.800000000000000000e+03 3.748188027006200240e+00 nan
1.800000000000000000e+03 4.000000000000000000e+00 nan
1.800000000000000000e+03 4.250420002308893608e+00 nan
1.800000000000000000e+03 4.499687082618403444e+00 2.913677665420311769e+03
1.800000000000000000e+03 4.749736315569061063e+00 2.736341809860289686e+03
1.800000000000000000e+03 5.000000000000000000e+00 2.541547570819661360e+03
1.800000000000000000e+03 5.250420002308893608e+00 2.331021990429543166e+03
1.800000000000000000e+03 5.499687082618403444e+00 2.122571625592264809e+03
1.900000000000000000e+03 3.000000000000000000e+00 nan
1.900000000000000000e+03 3.230448921378274107e+00 nan
1.900000000000000000e+03 3.491361693834272639e+00 nan
1.900000000000000000e+03 3.748188027006200240e+00 nan
1.900000000000000000e+03 4.000000000000000000e+00 nan
1.900000000000000000e+03 4.250420002308893608e+00 nan
1.900000000000000000e+03 4.499687082618403444e+00 nan
1.900000000000000000e+03 4.749736315569061063e+00 2.881279014348696819e+03
1.900000000000000000e+03 5.000000000000000000e+00 2.697831811220674354e+03
1.900000000000000000e+03 5.250420002308893608e+00 2.495369775348970506e+03
1.900000000000000000e+03 5.499687082618403444e+00 2.281801902631967096e+03
2.000000000000000000e+03 3.000000000000000000e+00 nan
2.000000000000000000e+03 3.230448921378274107e+00 nan
2.000000000000000000e+03 3.491361693834272639e+00 nan
2.000000000000000000e+03 3.748188027006200240e+00 nan
2.000000000000000000e+03 4.000000000000000000e+00 nan
2.000000000000000000e+03 4.250420002308893608e+00 nan
2.000000000000000000e+03 4.499687082618403444e+00 nan
2.000000000000000000e+03 4.749736315569061063e+00 3.016699427907581594e+03
2.000000000000000000e+03 5.000000000000000000e+00 2.844491102951434186e+03
2.000000000000000000e+03 5.250420002308893608e+00 2.653460921114261055e+03
2.000000000000000000e+03 5.499687082618403444e+00 2.443841873972687608e+03
2.100000000000000000e+03 3.000000000000000000e+00 nan
2.100000000000000000e+03 3.230448921378274107e+00 nan
2.100000000000000000e+03 3.491361693834272639e+00 nan
2.100000000000000000e+03 3.748188027006200240e+00 nan
2.100000000000000000e+03 4.000000000000000000e+00 nan
2.100000000000000000e+03 4.250420002308893608e+00 nan
2.100000000000000000e+03 4.499687082618403444e+00 nan
2.100000000000000000e+03 4.749736315569061063e+00 3.144356756842515551e+03
2.100000000000000000e+03 5.000000000000000000e+00 2.982232923837741964e+03
2.100000000000000000e+03 5.250420002308893608e+00 2.802186673333191720e+03
2.100000000000000000e+03 5.499687082618403444e+00 2.603413580135006214e+03
2.200000000000000000e+03 3.000000000000000000e+00 nan
2.200000000000000000e+03 3.230448921378274107e+00 nan
2.200000000000000000e+03 3.491361693834272639e+00 nan
2.200000000000000000e+03 3.748188027006200240e+00 nan
2.200000000000000000e+03 4.000000000000000000e+00 nan
2.200000000000000000e+03 4.250420002308893608e+00 nan
2.200000000000000000e+03 4.499687082618403444e+00 nan
2.200000000000000000e+03 4.749736315569061063e+00 nan
2.200000000000000000e+03 5.000000000000000000e+00 3.111720895301258679e+03
2.200000000000000000e+03 5.250420002308893608e+00 2.942846849524803929e+03
2.200000000000000000e+03 5.499687082618403444e+00 2.755366772992433198e+03
2.300000000000000000e+03 3.000000000000000000e+00 nan
2.300000000000000000e+03 3.230448921378274107e+00 nan
2.300000000000000000e+03 3.491361693834272639e+00 nan
2.300000000000000000e+03 3.748188027006200240e+00 nan
2.300000000000000000e+03 4.000000000000000000e+00 nan
2.300000000000000000e+03 4.250420002308893608e+00 nan
2.300000000000000000e+03 4.499687082618403444e+00 nan
2.300000000000000000e+03 4.749736315569061063e+00 3.382960903271047300e+03
2.300000000000000000e+03 5.000000000000000000e+00 3.235129427352516814e+03
2.300000000000000000e+03 5.250420002308893608e+00 3.075932934636201480e+03
2.300000000000000000e+03 5.499687082618403444e+00 2.899454900435039235e+03
2.400000000000000000e+03 3.000000000000000000e+00 nan
2.400000000000000000e+03 3.230448921378274107e+00 nan
2.400000000000000000e+03 3.491361693834272639e+00 nan
2.400000000000000000e+03 3.748188027006200240e+00 nan
2.400000000000000000e+03 4.000000000000000000e+00 nan
2.400000000000000000e+03 4.250420002308893608e+00 nan
2.400000000000000000e+03 4.499687082618403444e+00 nan
2.400000000000000000e+03 4.749736315569061063e+00 nan
2.400000000000000000e+03 5.000000000000000000e+00 3.356095405570656567e+03
2.400000000000000000e+03 5.250420002308893608e+00 3.203029019747598795e+03
2.400000000000000000e+03 5.499687082618403444e+00 3.036817004017791078e+03
