2.000000000000000000e+02 3.000000000000000000e+00 5.962833939690418674e+02
2.000000000000000000e+02 3.230448921378274107e+00 5.424976898746691631e+02
2.000000000000000000e+02 3.491361693834272639e+00 4.934621674809599199e+02
2.000000000000000000e+02 4.000000000000000000e+00 4.070383258097865564e+02
2.000000000000000000e+02 4.499687082618403444e+00 3.349585010125381928e+02
2.000000000000000000e+02 5.000000000000000000e+00 2.750026152175017842e+02
2.000000000000000000e+02 5.250420002308893608e+00 2.489652477521826484e+02
2.000000000000000000e+02 5.499687082618403444e+00 2.252388708240315509e+02
2.250000000000000000e+02 3.000000000000000000e+00 6.731867684099373719e+02
2.250000000000000000e+02 3.230448921378274107e+00 6.114940688572210092e+02
2.250000000000000000e+02 3.491361693834272639e+00 5.551915769624058612e+02
2.250000000000000000e+02 4.000000000000000000e+00 4.562605062177498212e+02
2.250000000000000000e+02 4.499687082618403444e+00 3.738835302187318348e+02
2.250000000000000000e+02 5.000000000000000000e+00 3.059472550651306051e+02
2.250000000000000000e+02 5.250420002308893608e+00 2.767923024101896203e+02
2.250000000000000000e+02 5.499687082618403444e+00 2.501817418916184010e+02
2.500000000000000000e+02 3.000000000000000000e+00 7.528335367510541118e+02
2.500000000000000000e+02 3.230448921378274107e+00 6.834105516687235422e+02
2.500000000000000000e+02 3.491361693834272639e+00 6.198444322585481814e+02
2.500000000000000000e+02 4.000000000000000000e+00 5.078328164119013763e+02
2.500000000000000000e+02 4.499687082618403444e+00 4.145186632538761273e+02
2.500000000000000000e+02 5.000000000000000000e+00 3.380919727844723752e+02
2.500000000000000000e+02 5.250420002308893608e+00 3.054558512076324064e+02
2.500000000000000000e+02 5.499687082618403444e+00 2.757358082707538642e+02
2.750000000000000000e+02 3.000000000000000000e+00 8.348403310494085190e+02
2.750000000000000000e+02 3.230448921378274107e+00 7.574604024232095298e+02
2.750000000000000000e+02 3.491361693834272639e+00 6.866340234406576428e+02
2.750000000000000000e+02 4.000000000000000000e+00 5.613185205062742398e+02
2.750000000000000000e+02 4.499687082618403444e+00 4.566605321749875088e+02
2.750000000000000000e+02 5.000000000000000000e+00 3.719501103612730049e+02
2.750000000000000000e+02 5.250420002308893608e+00 3.352717906281723117e+02
2.750000000000000000e+02 5.499687082618403444e+00 3.026369664450993469e+02
3.000000000000000000e+02 3.000000000000000000e+00 9.186104413762711829e+02
3.000000000000000000e+02 3.230448921378274107e+00 8.338200000000000500e+02
3.000000000000000000e+02 3.491361693834272639e+00 7.550602985942589385e+02
3.000000000000000000e+02 4.000000000000000000e+00 6.163242765151222784e+02
3.000000000000000000e+02 4.499687082618403444e+00 5.001657949963200736e+02
3.000000000000000000e+02 5.000000000000000000e+00 4.067249838240406348e+02
3.000000000000000000e+02 5.250420002308893608e+00 3.666307183275838497e+02
3.000000000000000000e+02 5.499687082618403444e+00 3.302699175867678036e+02
3.250000000000000000e+02 3.000000000000000000e+00 1.003373815817166701e+03
3.250000000000000000e+02 3.230448921378274107e+00 9.108899999999999864e+02
3.250000000000000000e+02 3.491361693834272639e+00 8.247065737478601477e+02
3.250000000000000000e+02 4.000000000000000000e+00 6.725134004669538399e+02
3.250000000000000000e+02 4.499687082618403444e+00 5.445311097321280158e+02
3.250000000000000000e+02 5.000000000000000000e+00 4.425865672155377979e+02
3.250000000000000000e+02 5.250420002308893608e+00 3.985608413385439803e+02
3.250000000000000000e+02 5.499687082618403444e+00 3.587746616957591641e+02
3.500000000000000000e+02 3.000000000000000000e+00 1.089600454372095328e+03
3.500000000000000000e+02 3.230448921378274107e+00 9.890900000000000318e+02
3.500000000000000000e+02 3.491361693834272639e+00 8.952728229442236625e+02
3.500000000000000000e+02 4.000000000000000000e+00 7.284224984615477752e+02
3.500000000000000000e+02 4.499687082618403444e+00 5.893964244679359581e+02
3.500000000000000000e+02 5.000000000000000000e+00 4.788015185500184998e+02
3.500000000000000000e+02 5.250420002308893608e+00 4.310721596610526944e+02
3.500000000000000000e+02 5.499687082618403444e+00 3.879058999441862738e+02
3.750000000000000000e+02 3.000000000000000000e+00 1.176917041012548452e+03
3.750000000000000000e+02 3.230448921378274107e+00 1.068470000000000027e+03
3.750000000000000000e+02 3.491361693834272639e+00 9.670157041976037817e+02
3.750000000000000000e+02 4.000000000000000000e+00 7.866083063848712982e+02
3.750000000000000000e+02 4.499687082618403444e+00 6.346784231752355936e+02
3.750000000000000000e+02 5.000000000000000000e+00 5.143187995379763606e+02
3.750000000000000000e+02 5.250420002308893608e+00 4.632728803277870497e+02
3.750000000000000000e+02 5.499687082618403444e+00 4.166412417089519522e+02
4.000000000000000000e+02 3.000000000000000000e+00 1.263953523824050762e+03
4.000000000000000000e+02 3.230448921378274107e+00 1.147920000000000073e+03
4.000000000000000000e+02 3.491361693834272639e+00 1.038955191550762720e+03
4.000000000000000000e+02 4.000000000000000000e+00 8.446674043794652107e+02
4.000000000000000000e+02 4.499687082618403444e+00 6.804270798967893370e+02
4.000000000000000000e+02 5.000000000000000000e+00 5.496917002506820609e+02
4.000000000000000000e+02 5.250420002308893608e+00 4.954488998224086913e+02
4.000000000000000000e+02 5.499687082618403444e+00 4.453424799573790551e+02
4.250000000000000000e+02 3.000000000000000000e+00 1.349409850892127452e+03
4.250000000000000000e+02 3.230448921378274107e+00 1.226029999999999973e+03
4.250000000000000000e+02 3.491361693834272639e+00 1.110017891103479087e+03
4.250000000000000000e+02 4.000000000000000000e+00 9.024897924453297264e+02
4.250000000000000000e+02 4.499687082618403444e+00 7.263390786040889679e+02
4.250000000000000000e+02 5.000000000000000000e+00 5.835659766969837392e+02
4.250000000000000000e+02 5.250420002308893608e+00 5.279049193170302487e+02
4.250000000000000000e+02 5.499687082618403444e+00 4.741837182058062012e+02
4.500000000000000000e+02 3.000000000000000000e+00 1.432249364202523793e+03
4.500000000000000000e+02 3.230448921378274107e+00 1.301750000000000000e+03
4.500000000000000000e+02 3.491361693834272639e+00 1.179117118884261345e+03
4.500000000000000000e+02 4.000000000000000000e+00 9.592853927107518075e+02
4.500000000000000000e+02 4.499687082618403444e+00 7.709109734824379530e+02
4.500000000000000000e+02 5.000000000000000000e+00 6.172772745588665657e+02
4.500000000000000000e+02 5.250420002308893608e+00 5.595687025370424408e+02
4.500000000000000000e+02 5.499687082618403444e+00 5.032049564542333542e+02
4.750000000000000000e+02 3.000000000000000000e+00 1.511728669855019234e+03
4.750000000000000000e+02 3.230448921378274107e+00 1.373690000000000055e+03
4.750000000000000000e+02 3.491361693834272639e+00 1.245569532907363509e+03
4.750000000000000000e+02 4.000000000000000000e+00 1.014297573118715150e+03
4.750000000000000000e+02 4.499687082618403444e+00 8.154795263750411323e+02
4.750000000000000000e+02 5.000000000000000000e+00 6.507821999361095777e+02
4.750000000000000000e+02 5.250420002308893608e+00 5.902898978485909538e+02
4.750000000000000000e+02 5.499687082618403444e+00 5.325567923584347909e+02
5.000000000000000000e+02 3.000000000000000000e+00 1.587617819764088381e+03
5.000000000000000000e+02 3.230448921378274107e+00 1.429710000000000036e+03
5.000000000000000000e+02 3.491361693834272639e+00 1.307987793772440455e+03
5.000000000000000000e+02 4.000000000000000000e+00 1.067789623740490242e+03
5.000000000000000000e+02 4.499687082618403444e+00 8.585813174244394759e+02
5.000000000000000000e+02 5.000000000000000000e+00 6.839746925629015095e+02
5.000000000000000000e+02 5.250420002308893608e+00 6.200007357266100598e+02
5.000000000000000000e+02 5.499687082618403444e+00 5.613938841536448763e+02
5.250000000000000000e+02 3.000000000000000000e+00 1.635749351241110162e+03
5.250000000000000000e+02 3.230448921378274107e+00 1.477920000000000073e+03
5.250000000000000000e+02 3.491361693834272639e+00 1.359522582865583217e+03
5.250000000000000000e+02 4.000000000000000000e+00 1.119728254504806273e+03
5.250000000000000000e+02 4.499687082618403444e+00 9.001330306021249044e+02
5.250000000000000000e+02 5.000000000000000000e+00 7.166365717568126001e+02
5.250000000000000000e+02 5.250420002308893608e+00 6.493516536787108180e+02
5.250000000000000000e+02 5.499687082618403444e+00 5.889385052516761334e+02
5.500000000000000000e+02 3.000000000000000000e+00 1.652096528400117677e+03
5.500000000000000000e+02 3.230448921378274107e+00 1.521799999999999955e+03
5.500000000000000000e+02 3.491361693834272639e+00 1.404888540034420657e+03
5.500000000000000000e+02 4.000000000000000000e+00 1.169623439454425807e+03
5.500000000000000000e+02 4.499687082618403444e+00 9.404146399508598506e+02
5.500000000000000000e+02 5.000000000000000000e+00 7.486305271577646181e+02
5.500000000000000000e+02 5.250420002308893608e+00 6.771492259184104796e+02
5.500000000000000000e+02 5.499687082618403444e+00 6.154450794651934302e+02
5.750000000000000000e+02 3.000000000000000000e+00 1.703354769805868727e+03
5.750000000000000000e+02 3.230448921378274107e+00 1.563329999999999927e+03
5.750000000000000000e+02 3.491361693834272639e+00 1.446668306419281635e+03
5.750000000000000000e+02 4.000000000000000000e+00 1.215538851521272591e+03
5.750000000000000000e+02 4.499687082618403444e+00 9.796595393708652182e+02
5.750000000000000000e+02 5.000000000000000000e+00 7.807003301446349042e+02
5.750000000000000000e+02 5.250420002308893608e+00 7.053538899533202766e+02
5.750000000000000000e+02 5.499687082618403444e+00 6.410723314085666971e+02
6.000000000000000000e+02 3.000000000000000000e+00 1.752712933339907067e+03
6.000000000000000000e+02 3.230448921378274107e+00 1.603970000000000027e+03
6.000000000000000000e+02 3.491361693834272639e+00 1.484688955350223068e+03
6.000000000000000000e+02 4.000000000000000000e+00 1.257230350543144596e+03
6.000000000000000000e+02 4.499687082618403444e+00 1.018043446443923699e+03
6.000000000000000000e+02 5.000000000000000000e+00 8.122101331315052448e+02
6.000000000000000000e+02 5.250420002308893608e+00 7.330444504718914231e+02
6.000000000000000000e+02 5.499687082618403444e+00 6.662078704586986078e+02
6.500000000000000000e+02 3.000000000000000000e+00 1.850412394735828229e+03
6.500000000000000000e+02 3.230448921378274107e+00 1.690500000000000000e+03
6.500000000000000000e+02 3.491361693834272639e+00 1.556164919016972362e+03
6.500000000000000000e+02 4.000000000000000000e+00 1.333195866438941721e+03
6.500000000000000000e+02 4.499687082618403444e+00 1.092824029994228340e+03
6.500000000000000000e+02 5.000000000000000000e+00 8.738687930127625805e+02
6.500000000000000000e+02 5.250420002308893608e+00 7.873296750253724667e+02
6.500000000000000000e+02 5.499687082618403444e+00 7.158655227724799488e+02
7.000000000000000000e+02 3.000000000000000000e+00 1.948318280530864513e+03
7.000000000000000000e+02 3.230448921378274107e+00 1.780980000000000018e+03
7.000000000000000000e+02 3.491361693834272639e+00 1.627915970302302640e+03
7.000000000000000000e+02 4.000000000000000000e+00 1.401418663322696830e+03
7.000000000000000000e+02 4.499687082618403444e+00 1.164592315755183336e+03
7.000000000000000000e+02 5.000000000000000000e+00 9.342079916848629182e+02
7.000000000000000000e+02 5.250420002308893608e+00 8.401501183326589626e+02
7.000000000000000000e+02 5.499687082618403444e+00 7.640014621930199610e+02
7.500000000000000000e+02 3.000000000000000000e+00 2.043233880796286712e+03
7.500000000000000000e+02 3.230448921378274107e+00 1.871029999999999973e+03
7.500000000000000000e+02 3.491361693834272639e+00 1.706521531649073495e+03
7.500000000000000000e+02 4.000000000000000000e+00 1.463808637365459163e+03
7.500000000000000000e+02 4.499687082618403444e+00 1.233655098427368557e+03
7.500000000000000000e+02 5.000000000000000000e+00 9.929107807954112559e+02
7.500000000000000000e+02 5.250420002308893608e+00 8.931159034047111618e+02
7.500000000000000000e+02 5.499687082618403444e+00 8.117121828597543072e+02
8.000000000000000000e+02 3.000000000000000000e+00 2.138845412273308284e+03
8.000000000000000000e+02 3.230448921378274107e+00 1.961549999999999955e+03
8.000000000000000000e+02 3.491361693834272639e+00 1.790740759429855871e+03
8.000000000000000000e+02 4.000000000000000000e+00 1.522349493954301806e+03
8.000000000000000000e+02 4.499687082618403444e+00 1.297144548118491457e+03
8.000000000000000000e+02 5.000000000000000000e+00 1.051251384448807585e+03
8.000000000000000000e+02 5.250420002308893608e+00 9.465659092043865712e+02
8.000000000000000000e+02 5.499687082618403444e+00 8.590830636746519531e+02
8.500000000000000000e+02 3.000000000000000000e+00 2.235946891835855240e+03
8.500000000000000000e+02 3.230448921378274107e+00 2.053210000000000036e+03
8.500000000000000000e+02 3.491361693834272639e+00 1.875913069624007449e+03
8.500000000000000000e+02 4.000000000000000000e+00 1.579222011806354658e+03
8.500000000000000000e+02 4.499687082618403444e+00 1.356974580303105313e+03
8.500000000000000000e+02 5.000000000000000000e+00 1.107901071652308474e+03
8.500000000000000000e+02 5.250420002308893608e+00 9.987117314136418145e+02
8.500000000000000000e+02 5.499687082618403444e+00 9.067912765070044543e+02
9.000000000000000000e+02 3.000000000000000000e+00 2.332783991123149463e+03
9.000000000000000000e+02 3.230448921378274107e+00 2.144219999999999800e+03
9.000000000000000000e+02 3.491361693834272639e+00 1.962382368612514711e+03
9.000000000000000000e+02 4.000000000000000000e+00 1.637967826227590194e+03
9.000000000000000000e+02 4.499687082618403444e+00 1.413612314698369573e+03
9.000000000000000000e+02 5.000000000000000000e+00 1.163435518940976181e+03
9.000000000000000000e+02 5.250420002308893608e+00 1.049595766994191308e+03
9.000000000000000000e+02 5.499687082618403444e+00 9.533957432565479166e+02
9.500000000000000000e+02 3.000000000000000000e+00 2.427033783465248234e+03
9.500000000000000000e+02 3.230448921378274107e+00 2.236619999999999891e+03
9.500000000000000000e+02 3.491361693834272639e+00 2.048413864858586294e+03
9.500000000000000000e+02 4.000000000000000000e+00 1.704508137748852278e+03
9.500000000000000000e+02 4.499687082618403444e+00 1.467244838836830013e+03
9.500000000000000000e+02 5.000000000000000000e+00 1.218582736268791223e+03
9.500000000000000000e+02 5.250420002308893608e+00 1.099773045804974117e+03
9.500000000000000000e+02 5.499687082618403444e+00 9.990643135224299840e+02
1.000000000000000000e+03 3.000000000000000000e+00 2.518659999999999854e+03
1.000000000000000000e+03 3.230448921378274107e+00 2.328969999999999800e+03
1.000000000000000000e+03 3.491361693834272639e+00 2.135742660942177281e+03
1.000000000000000000e+03 4.000000000000000000e+00 1.781633815885987360e+03
1.000000000000000000e+03 4.499687082618403444e+00 1.518813091356357518e+03
1.000000000000000000e+03 5.000000000000000000e+00 1.273629403287729019e+03
1.000000000000000000e+03 5.250420002308893608e+00 1.149834802469120632e+03
1.000000000000000000e+03 5.499687082618403444e+00 1.044313476137992211e+03
1.100000000000000000e+03 3.000000000000000000e+00 2.687050000000000182e+03
1.100000000000000000e+03 3.230448921378274107e+00 2.505820000000000164e+03
1.100000000000000000e+03 3.491361693834272639e+00 2.313217392424689933e+03
1.100000000000000000e+03 4.000000000000000000e+00 1.940411414858709122e+03
1.100000000000000000e+03 4.499687082618403444e+00 1.622252381181224791e+03
1.100000000000000000e+03 5.000000000000000000e+00 1.382311312748084674e+03
1.100000000000000000e+03 5.250420002308893608e+00 1.251910056286202007e+03
1.100000000000000000e+03 5.499687082618403444e+00 1.135171778734109012e+03
1.200000000000000000e+03 3.000000000000000000e+00 2.836489999999999782e+03
1.200000000000000000e+03 3.230448921378274107e+00 2.667760000000000218e+03
1.200000000000000000e+03 3.491361693834272639e+00 2.483421109227694160e+03
1.200000000000000000e+03 4.000000000000000000e+00 2.101901499228334160e+03
1.200000000000000000e+03 4.499687082618403444e+00 1.745339507239267050e+03
1.200000000000000000e+03 5.000000000000000000e+00 1.486316943518496373e+03
1.200000000000000000e+03 5.250420002308893608e+00 1.357595895288468682e+03
1.200000000000000000e+03 5.499687082618403444e+00 1.230462609466277399e+03
1.300000000000000000e+03 3.000000000000000000e+00 2.961748695100562600e+03
1.300000000000000000e+03 3.230448921378274107e+00 2.813679999999999836e+03
1.300000000000000000e+03 3.491361693834272639e+00 2.640216003193409961e+03
1.300000000000000000e+03 4.000000000000000000e+00 2.265190649137403398e+03
1.300000000000000000e+03 4.499687082618403444e+00 1.893757890610877439e+03
1.300000000000000000e+03 5.000000000000000000e+00 1.587347397273531669e+03
1.300000000000000000e+03 5.250420002308893608e+00 1.462814898412681259e+03
1.300000000000000000e+03 5.499687082618403444e+00 1.332582030521270553e+03
1.400000000000000000e+03 3.000000000000000000e+00 3.081184830861686351e+03
1.400000000000000000e+03 3.230448921378274107e+00 2.944429999999999836e+03
1.400000000000000000e+03 3.491361693834272639e+00 2.783138571548416166e+03
1.400000000000000000e+03 4.000000000000000000e+00 2.425700441479502388e+03
1.400000000000000000e+03 4.499687082618403444e+00 2.043999574778935994e+03
1.400000000000000000e+03 5.000000000000000000e+00 1.695316041292494447e+03
1.400000000000000000e+03 5.250420002308893608e+00 1.564172018795649137e+03
1.400000000000000000e+03 5.499687082618403444e+00 1.438213082850259980e+03
1.500000000000000000e+03 3.000000000000000000e+00 3.192052708068740685e+03
1.500000000000000000e+03 3.230448921378274107e+00 3.064059999999999945e+03
1.500000000000000000e+03 3.491361693834272639e+00 2.913627717391095757e+03
1.500000000000000000e+03 4.000000000000000000e+00 2.575962745175741929e+03
1.500000000000000000e+03 4.499687082618403444e+00 2.191427033299473806e+03
1.500000000000000000e+03 5.000000000000000000e+00 1.825153585750516640e+03
1.500000000000000000e+03 5.250420002308893608e+00 1.666654551423513340e+03
1.500000000000000000e+03 5.499687082618403444e+00 1.539821315824898875e+03
1.600000000000000000e+03 3.000000000000000000e+00 3.298156224624884999e+03
1.600000000000000000e+03 3.230448921378274107e+00 3.174019999999999982e+03
1.600000000000000000e+03 3.491361693834272639e+00 3.034613333706657158e+03
1.600000000000000000e+03 4.000000000000000000e+00 2.717966651722804272e+03
1.600000000000000000e+03 4.499687082618403444e+00 2.342051702386085253e+03
1.600000000000000000e+03 5.000000000000000000e+00 1.962909880871790619e+03
1.600000000000000000e+03 5.250420002308893608e+00 1.783247402015597345e+03
1.600000000000000000e+03 5.499687082618403444e+00 1.638152057220020652e+03
1.700000000000000000e+03 3.000000000000000000e+00 3.401817999735099420e+03
1.700000000000000000e+03 3.230448921378274107e+00 3.283989999999999782e+03
1.700000000000000000e+03 3.491361693834272639e+00 3.149009003529614347e+03
1.700000000000000000e+03 4.000000000000000000e+00 2.850673744512186659e+03
1.700000000000000000e+03 4.499687082618403444e+00 2.488445425772998988e+03
1.700000000000000000e+03 5.000000000000000000e+00 2.101049985370335889e+03
1.700000000000000000e+03 5.250420002308893608e+00 1.913788526077072675e+03
1.700000000000000000e+03 5.499687082618403444e+00 1.741924592339253650e+03
1.800000000000000000e+03 3.000000000000000000e+00 3.503531636876210086e+03
1.800000000000000000e+03 3.230448921378274107e+00 3.388110000000000127e+03
1.800000000000000000e+03 3.491361693834272639e+00 3.258640555244097413e+03
1.800000000000000000e+03 4.000000000000000000e+00 2.975841096873945389e+03
1.800000000000000000e+03 4.499687082618403444e+00 2.629753767909439375e+03
1.800000000000000000e+03 5.000000000000000000e+00 2.241085016100200846e+03
1.800000000000000000e+03 5.250420002308893608e+00 2.046609349458275801e+03
1.800000000000000000e+03 5.499687082618403444e+00 1.861999857475790350e+03
1.900000000000000000e+03 3.000000000000000000e+00 3.602828263164667078e+03
1.900000000000000000e+03 3.230448921378274107e+00 3.489809999999999945e+03
1.900000000000000000e+03 3.491361693834272639e+00 3.365054646598873660e+03
1.900000000000000000e+03 4.000000000000000000e+00 3.094875029378245017e+03
1.900000000000000000e+03 4.499687082618403444e+00 2.764914429736216334e+03
1.900000000000000000e+03 5.000000000000000000e+00 2.382842589352866980e+03
1.900000000000000000e+03 5.250420002308893608e+00 2.181800710607179099e+03
1.900000000000000000e+03 5.499687082618403444e+00 1.988914043584587716e+03
2.000000000000000000e+03 3.000000000000000000e+00 3.705482206494260936e+03
2.000000000000000000e+03 3.230448921378274107e+00 3.590889999999999873e+03
2.000000000000000000e+03 3.491361693834272639e+00 3.469395475963511217e+03
2.000000000000000000e+03 4.000000000000000000e+00 3.208812589397905413e+03
2.000000000000000000e+03 4.499687082618403444e+00 2.894429252315640497e+03
2.000000000000000000e+03 5.000000000000000000e+00 2.525289129485928243e+03
2.000000000000000000e+03 5.250420002308893608e+00 2.321720821617508591e+03
2.000000000000000000e+03 5.499687082618403444e+00 2.120777557919740957e+03
2.100000000000000000e+03 3.000000000000000000e+00 3.811420926814542781e+03
2.100000000000000000e+03 3.230448921378274107e+00 3.693809999999999945e+03
2.100000000000000000e+03 3.491361693834272639e+00 3.572653043338009866e+03
2.100000000000000000e+03 4.000000000000000000e+00 3.318777181618916984e+03
2.100000000000000000e+03 4.499687082618403444e+00 3.019085753389769707e+03
2.100000000000000000e+03 5.000000000000000000e+00 2.665488177379629633e+03
2.100000000000000000e+03 5.250420002308893608e+00 2.464572261426024852e+03
2.100000000000000000e+03 5.499687082618403444e+00 2.257981810158426015e+03
2.200000000000000000e+03 3.000000000000000000e+00 3.922269647134825391e+03
2.200000000000000000e+03 3.230448921378274107e+00 3.801280000000000200e+03
2.200000000000000000e+03 3.491361693834272639e+00 3.678212481510352063e+03
2.200000000000000000e+03 4.000000000000000000e+00 3.428064541346217538e+03
2.200000000000000000e+03 4.499687082618403444e+00 3.138916415216546739e+03
2.200000000000000000e+03 5.000000000000000000e+00 2.801251500848927208e+03
2.200000000000000000e+03 5.250420002308893608e+00 2.607242150415695050e+03
2.200000000000000000e+03 5.499687082618403444e+00 2.400094427631523558e+03
2.300000000000000000e+03 3.000000000000000000e+00 4.039527792222327662e+03
2.300000000000000000e+03 3.230448921378274107e+00 3.914340000000000146e+03
2.300000000000000000e+03 3.491361693834272639e+00 3.788391652145714943e+03
2.300000000000000000e+03 4.000000000000000000e+00 3.531964979449799102e+03
2.300000000000000000e+03 4.499687082618403444e+00 3.254929101304386677e+03
2.300000000000000000e+03 5.000000000000000000e+00 2.933081307693580129e+03
2.300000000000000000e+03 5.250420002308893608e+00 2.746692972688309055e+03
2.300000000000000000e+03 5.499687082618403444e+00 2.543763107291395045e+03
2.400000000000000000e+03 3.000000000000000000e+00 nan
2.400000000000000000e+03 3.230448921378274107e+00 4.032750000000000000e+03
2.400000000000000000e+03 3.491361693834272639e+00 3.902757480529844543e+03
2.400000000000000000e+03 4.000000000000000000e+00 3.641927829694250704e+03
2.400000000000000000e+03 4.499687082618403444e+00 3.369247168642699307e+03
2.400000000000000000e+03 5.000000000000000000e+00 3.059963342125881809e+03
2.400000000000000000e+03 5.250420002308893608e+00 2.881976579742983631e+03
2.400000000000000000e+03 5.499687082618403444e+00 2.686036505590751858e+03
