1.000000000000000000e+02 1.800000000000000044e+00 6.892100000000000115e+00 1.219844233539305520e+02
1.000000000000000000e+02 2.000000000000000000e+00 6.774099999999999788e+00 1.220501607306510010e+02
1.000000000000000000e+02 2.200000000000000178e+00 6.716599999999999682e+00 1.221586187401495920e+02
1.000000000000000000e+02 2.400000000000000355e+00 6.599700000000000344e+00 1.250947921540814747e+02
1.000000000000000000e+02 2.600000000000000089e+00 6.496800000000000352e+00 1.222298604678658478e+02
1.000000000000000000e+02 2.799999999999999822e+00 6.384999999999999787e+00 1.223183149062773651e+02
1.000000000000000000e+02 3.000000000000000000e+00 6.325899999999999856e+00 1.218165796527950562e+02
1.000000000000000000e+02 3.200000000000000178e+00 6.232400000000000162e+00 1.221067188609063550e+02
1.000000000000000000e+02 3.400000000000000355e+00 6.122499999999999609e+00 1.222437439653422757e+02
1.000000000000000000e+02 3.600000000000000089e+00 6.029099999999999682e+00 1.218238637548399481e+02
1.500000000000000000e+02 1.800000000000000044e+00 7.413599999999999746e+00 1.591984536916289699e+02
1.500000000000000000e+02 2.000000000000000000e+00 7.295099999999999696e+00 1.593282786788734313e+02
1.500000000000000000e+02 2.200000000000000178e+00 7.181199999999999584e+00 1.592724266902975501e+02
1.500000000000000000e+02 2.400000000000000355e+00 7.113999999999999879e+00 1.592179624125052726e+02
1.500000000000000000e+02 2.600000000000000089e+00 6.985599999999999810e+00 1.622049181459173610e+02
1.500000000000000000e+02 2.799999999999999822e+00 6.940699999999999648e+00 1.591144152003030285e+02
1.500000000000000000e+02 3.000000000000000000e+00 6.813799999999999635e+00 1.590434487363335165e+02
1.500000000000000000e+02 3.200000000000000178e+00 6.723099999999999632e+00 1.589372561991572184e+02
1.500000000000000000e+02 3.400000000000000355e+00 6.652599999999999625e+00 1.617528136736514739e+02
1.500000000000000000e+02 3.600000000000000089e+00 6.582300000000000040e+00 1.609430173583973840e+02
2.000000000000000000e+02 1.800000000000000044e+00 7.905100000000000016e+00 2.019633684482041929e+02
2.000000000000000000e+02 2.000000000000000000e+00 7.756199999999999761e+00 2.017739675372136503e+02
2.000000000000000000e+02 2.200000000000000178e+00 7.693800000000000416e+00 2.014278238056923271e+02
2.000000000000000000e+02 2.400000000000000355e+00 7.568999999999999950e+00 2.010863707465184120e+02
2.000000000000000000e+02 2.600000000000000089e+00 7.477199999999999847e+00 2.010839771653539572e+02
2.000000000000000000e+02 2.799999999999999822e+00 7.346799999999999997e+00 2.021921168726029805e+02
2.000000000000000000e+02 3.000000000000000000e+00 7.231099999999999639e+00 2.019382990449018962e+02
2.000000000000000000e+02 3.200000000000000178e+00 7.160400000000000098e+00 2.014393600504732831e+02
2.000000000000000000e+02 3.400000000000000355e+00 7.005700000000000038e+00 2.013682401506069084e+02
2.000000000000000000e+02 3.600000000000000089e+00 6.935999999999999943e+00 2.012212248775820171e+02
2.500000000000000000e+02 1.800000000000000044e+00 8.403100000000000236e+00 2.491768999074532189e+02
2.500000000000000000e+02 2.000000000000000000e+00 8.355199999999999960e+00 2.486746150036959193e+02
2.500000000000000000e+02 2.200000000000000178e+00 8.152699999999999392e+00 2.460252448618513199e+02
2.500000000000000000e+02 2.400000000000000355e+00 8.047000000000000597e+00 2.473254236696317889e+02
2.500000000000000000e+02 2.600000000000000089e+00 7.936200000000000365e+00 2.474053795949062931e+02
2.500000000000000000e+02 2.799999999999999822e+00 7.853900000000000325e+00 2.472078508510968220e+02
2.500000000000000000e+02 3.000000000000000000e+00 7.745800000000000018e+00 2.471464060144935502e+02
2.500000000000000000e+02 3.200000000000000178e+00 7.636400000000000077e+00 2.471622392599206535e+02
2.500000000000000000e+02 3.400000000000000355e+00 7.516700000000000159e+00 2.470884872790721261e+02
2.500000000000000000e+02 3.600000000000000089e+00 7.385200000000000209e+00 2.476116243681456126e+02
3.000000000000000000e+02 1.800000000000000044e+00 8.802500000000000213e+00 2.958692284198229459e+02
3.000000000000000000e+02 2.000000000000000000e+00 8.688200000000000145e+00 2.956769198193235297e+02
3.000000000000000000e+02 2.200000000000000178e+00 8.572699999999999321e+00 2.954614729403268143e+02
3.000000000000000000e+02 2.400000000000000355e+00 8.478899999999999437e+00 2.952225840361267046e+02
3.000000000000000000e+02 2.600000000000000089e+00 8.359700000000000131e+00 2.950172617606434073e+02
3.000000000000000000e+02 2.799999999999999822e+00 8.235900000000000887e+00 2.946045606715067038e+02
3.000000000000000000e+02 3.000000000000000000e+00 8.108999999999999986e+00 2.943283050684298132e+02
3.000000000000000000e+02 3.200000000000000178e+00 7.991699999999999804e+00 2.939726477020687412e+02
3.000000000000000000e+02 3.400000000000000355e+00 7.891399999999999970e+00 2.934826587208629007e+02
3.000000000000000000e+02 3.600000000000000089e+00 7.746199999999999974e+00 2.928230055936071494e+02
3.500000000000000000e+02 1.800000000000000044e+00 9.126200000000000756e+00 3.406160567211255170e+02
3.500000000000000000e+02 2.000000000000000000e+00 9.012000000000000455e+00 3.415202737497112366e+02
3.500000000000000000e+02 2.200000000000000178e+00 8.899599999999999511e+00 3.411658959106929956e+02
3.500000000000000000e+02 2.400000000000000355e+00 8.783799999999999386e+00 3.408041477636128320e+02
3.500000000000000000e+02 2.600000000000000089e+00 8.672100000000000364e+00 3.403048717296898076e+02
3.500000000000000000e+02 2.799999999999999822e+00 8.539899999999999380e+00 3.398026278347156790e+02
3.500000000000000000e+02 3.000000000000000000e+00 8.434400000000000119e+00 3.392527953660409707e+02
3.500000000000000000e+02 3.200000000000000178e+00 8.317500000000000782e+00 3.386625715540432680e+02
3.500000000000000000e+02 3.400000000000000355e+00 8.196899999999999409e+00 3.380361412598024344e+02
3.500000000000000000e+02 3.600000000000000089e+00 8.067199999999999704e+00 3.373154823843129293e+02
4.000000000000000000e+02 1.800000000000000044e+00 9.368299999999999628e+00 3.872176941258948659e+02
4.000000000000000000e+02 2.000000000000000000e+00 9.258699999999999264e+00 3.860653199757409197e+02
4.000000000000000000e+02 2.200000000000000178e+00 9.153100000000000236e+00 3.850404072974742462e+02
4.000000000000000000e+02 2.400000000000000355e+00 9.035299999999999443e+00 3.842833603489157213e+02
4.000000000000000000e+02 2.600000000000000089e+00 8.919299999999999784e+00 3.793584877863050906e+02
4.000000000000000000e+02 2.799999999999999822e+00 8.800399999999999778e+00 3.818175303945415635e+02
4.000000000000000000e+02 3.000000000000000000e+00 8.678399999999999892e+00 3.813197069947013915e+02
4.000000000000000000e+02 3.200000000000000178e+00 8.551999999999999602e+00 3.802772541721790844e+02
4.000000000000000000e+02 3.400000000000000355e+00 8.441399999999999793e+00 3.789672902522169124e+02
4.000000000000000000e+02 3.600000000000000089e+00 8.317299999999999471e+00 3.777284938470245379e+02
4.500000000000000000e+02 1.800000000000000044e+00 9.605199999999999960e+00 4.278463622739798211e+02
4.500000000000000000e+02 2.000000000000000000e+00 9.486499999999999488e+00 4.260968956745741139e+02
4.500000000000000000e+02 2.200000000000000178e+00 9.364699999999999136e+00 4.247830028596966940e+02
4.500000000000000000e+02 2.400000000000000355e+00 9.231799999999999784e+00 4.237103962251268854e+02
4.500000000000000000e+02 2.600000000000000089e+00 9.115800000000000125e+00 4.217299381397891693e+02
4.500000000000000000e+02 2.799999999999999822e+00 8.996000000000000441e+00 4.203603914606870831e+02
4.500000000000000000e+02 3.000000000000000000e+00 8.876599999999999824e+00 4.187536033590446891e+02
4.500000000000000000e+02 3.200000000000000178e+00 8.755300000000000082e+00 4.168658186816637681e+02
4.500000000000000000e+02 3.400000000000000355e+00 8.632500000000000284e+00 4.153185664238250183e+02
4.500000000000000000e+02 3.600000000000000089e+00 8.508499999999999730e+00 4.234811160082482502e+02
