1.000000000000000000e+02 1.800000000000000044e+00 6.892100000000000115e+00 1.292660203434726327e+02
1.000000000000000000e+02 2.000000000000000000e+00 6.774099999999999788e+00 1.293356817710781570e+02
1.000000000000000000e+02 2.200000000000000178e+00 6.716599999999999682e+00 1.294506139474723341e+02
1.000000000000000000e+02 2.400000000000000355e+00 6.599700000000000344e+00 1.325620558990078166e+02
1.000000000000000000e+02 2.600000000000000089e+00 6.496800000000000352e+00 1.295261082964315733e+02
1.000000000000000000e+02 2.799999999999999822e+00 6.384999999999999787e+00 1.296198428317172500e+02
1.000000000000000000e+02 3.000000000000000000e+00 6.325899999999999856e+00 1.290881575746947192e+02
1.000000000000000000e+02 3.200000000000000178e+00 6.232400000000000162e+00 1.293956160169036593e+02
1.000000000000000000e+02 3.400000000000000355e+00 6.141300000000000203e+00 1.295408205393383412e+02
1.000000000000000000e+02 3.600000000000000089e+00 6.038100000000000023e+00 1.290958764854968592e+02
1.500000000000000000e+02 1.800000000000000044e+00 7.413599999999999746e+00 1.687014619386517325e+02
1.500000000000000000e+02 2.000000000000000000e+00 7.295099999999999696e+00 1.688390365484323752e+02
1.500000000000000000e+02 2.200000000000000178e+00 7.181199999999999584e+00 1.687798505958905082e+02
1.500000000000000000e+02 2.400000000000000355e+00 7.113999999999999879e+00 1.687221351905336917e+02
1.500000000000000000e+02 2.600000000000000089e+00 6.985599999999999810e+00 1.718873908025557000e+02
1.500000000000000000e+02 2.799999999999999822e+00 6.940699999999999648e+00 1.686124069508861680e+02
1.500000000000000000e+02 3.000000000000000000e+00 6.813799999999999635e+00 1.685372042969491986e+02
1.500000000000000000e+02 3.200000000000000178e+00 6.773299999999999876e+00 1.684246728253601759e+02
1.500000000000000000e+02 3.400000000000000355e+00 6.702600000000000335e+00 1.714082989291635499e+02
1.500000000000000000e+02 3.600000000000000089e+00 6.682299999999999685e+00 1.705501635698809366e+02
2.000000000000000000e+02 1.800000000000000044e+00 7.905100000000000016e+00 2.140191360229158875e+02
2.000000000000000000e+02 2.000000000000000000e+00 7.756199999999999761e+00 2.138184292331470147e+02
2.000000000000000000e+02 2.200000000000000178e+00 7.693800000000000416e+00 2.134516231983241994e+02
2.000000000000000000e+02 2.400000000000000355e+00 7.568999999999999950e+00 2.130897878354151658e+02
2.000000000000000000e+02 2.600000000000000089e+00 7.477199999999999847e+00 2.130872513745868844e+02
2.000000000000000000e+02 2.799999999999999822e+00 7.346799999999999997e+00 2.142615390910197277e+02
2.000000000000000000e+02 3.000000000000000000e+00 7.231099999999999639e+00 2.139925701556668400e+02
2.000000000000000000e+02 3.200000000000000178e+00 7.160400000000000098e+00 2.134638480743496700e+02
2.000000000000000000e+02 3.400000000000000355e+00 7.005700000000000038e+00 2.133884828254909962e+02
2.000000000000000000e+02 3.600000000000000089e+00 6.935999999999999943e+00 2.132326917929056833e+02
2.500000000000000000e+02 1.800000000000000044e+00 8.403100000000000236e+00 2.640509773867158287e+02
2.500000000000000000e+02 2.000000000000000000e+00 8.355199999999999960e+00 2.635187096692309296e+02
2.500000000000000000e+02 2.200000000000000178e+00 8.152699999999999392e+00 2.607111910923761684e+02
2.500000000000000000e+02 2.400000000000000355e+00 8.047000000000000597e+00 2.620889812691519865e+02
2.500000000000000000e+02 2.600000000000000089e+00 7.936200000000000365e+00 2.621737099908931441e+02
2.500000000000000000e+02 2.799999999999999822e+00 7.853900000000000325e+00 2.619643901948597318e+02
2.500000000000000000e+02 3.000000000000000000e+00 7.745800000000000018e+00 2.618992775412932019e+02
2.500000000000000000e+02 3.200000000000000178e+00 7.636400000000000077e+00 2.619160559181482881e+02
2.500000000000000000e+02 3.400000000000000355e+00 7.516700000000000159e+00 2.618379014719115503e+02
2.500000000000000000e+02 3.600000000000000089e+00 7.385200000000000209e+00 2.623922661009297599e+02
3.000000000000000000e+02 1.800000000000000044e+00 8.802500000000000213e+00 3.135305037181375383e+02
3.000000000000000000e+02 2.000000000000000000e+00 8.688200000000000145e+00 3.133267156706073706e+02
3.000000000000000000e+02 2.200000000000000178e+00 8.572699999999999321e+00 3.130984081549623284e+02
3.000000000000000000e+02 2.400000000000000355e+00 8.478899999999999437e+00 3.128452592929919547e+02
3.000000000000000000e+02 2.600000000000000089e+00 8.359700000000000131e+00 3.126276807472248151e+02
3.000000000000000000e+02 2.799999999999999822e+00 8.235900000000000887e+00 3.121903443569110550e+02
3.000000000000000000e+02 3.000000000000000000e+00 8.108999999999999986e+00 3.118975982715873556e+02
3.000000000000000000e+02 3.200000000000000178e+00 7.991699999999999804e+00 3.115207107060172689e+02
3.000000000000000000e+02 3.400000000000000355e+00 7.891399999999999970e+00 3.110014728896538259e+02
3.000000000000000000e+02 3.600000000000000089e+00 7.746199999999999974e+00 3.103024431920665052e+02
3.500000000000000000e+02 1.800000000000000044e+00 9.126200000000000756e+00 3.609483974005088953e+02
3.500000000000000000e+02 2.000000000000000000e+00 9.012000000000000455e+00 3.619065897139072945e+02
3.500000000000000000e+02 2.200000000000000178e+00 8.899599999999999511e+00 3.615310580543043102e+02
3.500000000000000000e+02 2.400000000000000355e+00 8.783799999999999386e+00 3.611477161319999709e+02
3.500000000000000000e+02 2.600000000000000089e+00 8.672100000000000364e+00 3.606186368923429768e+02
3.500000000000000000e+02 2.799999999999999822e+00 8.539899999999999380e+00 3.600864126315721023e+02
3.500000000000000000e+02 3.000000000000000000e+00 8.434400000000000119e+00 3.595037590998584847e+02
3.500000000000000000e+02 3.200000000000000178e+00 8.317500000000000782e+00 3.588783031507203987e+02
3.500000000000000000e+02 3.400000000000000355e+00 8.196899999999999409e+00 3.582144794514915702e+02
3.500000000000000000e+02 3.600000000000000089e+00 8.067199999999999704e+00 3.574508023991400023e+02
4.000000000000000000e+02 1.800000000000000044e+00 9.368299999999999628e+00 4.103318190143139645e+02
4.000000000000000000e+02 2.000000000000000000e+00 9.258699999999999264e+00 4.091106563753359637e+02
4.000000000000000000e+02 2.200000000000000178e+00 9.153100000000000236e+00 4.080245637458312444e+02
4.000000000000000000e+02 2.400000000000000355e+00 9.035299999999999443e+00 4.072223265128903904e+02
4.000000000000000000e+02 2.600000000000000089e+00 8.919299999999999784e+00 4.020034743073073855e+02
4.000000000000000000e+02 2.799999999999999822e+00 8.800399999999999778e+00 4.046093041590375492e+02
4.000000000000000000e+02 3.000000000000000000e+00 8.678399999999999892e+00 4.040817642653211124e+02
4.000000000000000000e+02 3.200000000000000178e+00 8.551999999999999602e+00 4.029770844704893307e+02
4.000000000000000000e+02 3.400000000000000355e+00 8.441399999999999793e+00 4.015889250803701316e+02
4.000000000000000000e+02 3.600000000000000089e+00 8.317299999999999471e+00 4.002761813962818565e+02
4.500000000000000000e+02 1.800000000000000044e+00 9.605199999999999960e+00 4.533857278574164411e+02
4.500000000000000000e+02 2.000000000000000000e+00 9.486499999999999488e+00 4.515318306235633941e+02
4.500000000000000000e+02 2.200000000000000178e+00 9.364699999999999136e+00 4.501395078116229342e+02
4.500000000000000000e+02 2.400000000000000355e+00 9.231799999999999784e+00 4.490028742379857931e+02
4.500000000000000000e+02 2.600000000000000089e+00 9.115800000000000125e+00 4.469041969797766001e+02
4.500000000000000000e+02 2.799999999999999822e+00 8.996000000000000441e+00 4.454528981662511455e+02
4.500000000000000000e+02 3.000000000000000000e+00 8.876599999999999824e+00 4.437501963152785720e+02
4.500000000000000000e+02 3.200000000000000178e+00 8.755300000000000082e+00 4.417497244041855424e+02
4.500000000000000000e+02 3.400000000000000355e+00 8.632500000000000284e+00 4.401101122607731213e+02
4.500000000000000000e+02 3.600000000000000089e+00 8.508499999999999730e+00 4.487599076331973151e+02
