1.000000000000000000e+02 1.800000000000000044e+00 7.157799999999999940e+00
1.000000000000000000e+02 2.000000000000000000e+00 7.017400000000000304e+00
1.000000000000000000e+02 2.200000000000000178e+00 6.981600000000000250e+00
1.000000000000000000e+02 2.400000000000000355e+00 6.867099999999999760e+00
1.000000000000000000e+02 2.600000000000000089e+00 6.815400000000000347e+00
1.000000000000000000e+02 2.799999999999999822e+00 6.708300000000000374e+00
1.000000000000000000e+02 3.000000000000000000e+00 6.600200000000000067e+00
1.000000000000000000e+02 3.200000000000000178e+00 6.530400000000000205e+00
1.000000000000000000e+02 3.400000000000000355e+00 6.426599999999999646e+00
1.000000000000000000e+02 3.600000000000000089e+00 6.248800000000000132e+00
1.500000000000000000e+02 1.800000000000000044e+00 7.492600000000000371e+00
1.500000000000000000e+02 2.000000000000000000e+00 7.399399999999999977e+00
1.500000000000000000e+02 2.200000000000000178e+00 7.337600000000000122e+00
1.500000000000000000e+02 2.400000000000000355e+00 7.225600000000000023e+00
1.500000000000000000e+02 2.600000000000000089e+00 7.093700000000000117e+00
1.500000000000000000e+02 2.799999999999999822e+00 7.018699999999999939e+00
1.500000000000000000e+02 3.000000000000000000e+00 6.892100000000000115e+00
1.500000000000000000e+02 3.200000000000000178e+00 6.800699999999999967e+00
1.500000000000000000e+02 3.400000000000000355e+00 6.729400000000000048e+00
1.500000000000000000e+02 3.600000000000000089e+00 6.601899999999999658e+00
2.000000000000000000e+02 1.800000000000000044e+00 7.935900000000000176e+00
2.000000000000000000e+02 2.000000000000000000e+00 7.860100000000000087e+00
2.000000000000000000e+02 2.200000000000000178e+00 7.747799999999999798e+00
2.000000000000000000e+02 2.400000000000000355e+00 7.635900000000000354e+00
2.000000000000000000e+02 2.600000000000000089e+00 7.569200000000000372e+00
2.000000000000000000e+02 2.799999999999999822e+00 7.450400000000000134e+00
2.000000000000000000e+02 3.000000000000000000e+00 7.317899999999999849e+00
2.000000000000000000e+02 3.200000000000000178e+00 7.179000000000000270e+00
2.000000000000000000e+02 3.400000000000000355e+00 7.059499999999999886e+00
2.000000000000000000e+02 3.600000000000000089e+00 6.973399999999999821e+00
2.500000000000000000e+02 1.800000000000000044e+00 8.430999999999999162e+00
2.500000000000000000e+02 2.000000000000000000e+00 8.311999999999999389e+00
2.500000000000000000e+02 2.200000000000000178e+00 8.186500000000000554e+00
2.500000000000000000e+02 2.400000000000000355e+00 8.071199999999999264e+00
2.500000000000000000e+02 2.600000000000000089e+00 7.967999999999999972e+00
2.500000000000000000e+02 2.799999999999999822e+00 7.888499999999999623e+00
2.500000000000000000e+02 3.000000000000000000e+00 7.736600000000000144e+00
2.500000000000000000e+02 3.200000000000000178e+00 7.653900000000000148e+00
2.500000000000000000e+02 3.400000000000000355e+00 7.551700000000000301e+00
2.500000000000000000e+02 3.600000000000000089e+00 7.413599999999999746e+00
3.000000000000000000e+02 1.800000000000000044e+00 8.787000000000000810e+00
3.000000000000000000e+02 2.000000000000000000e+00 8.673899999999999721e+00
3.000000000000000000e+02 2.200000000000000178e+00 8.558799999999999741e+00
3.000000000000000000e+02 2.400000000000000355e+00 8.464999999999999858e+00
3.000000000000000000e+02 2.600000000000000089e+00 8.342000000000000526e+00
3.000000000000000000e+02 2.799999999999999822e+00 8.216799999999999216e+00
3.000000000000000000e+02 3.000000000000000000e+00 8.104699999999999349e+00
3.000000000000000000e+02 3.200000000000000178e+00 8.008100000000000662e+00
3.000000000000000000e+02 3.400000000000000355e+00 7.886700000000000266e+00
3.000000000000000000e+02 3.600000000000000089e+00 7.772100000000000009e+00
3.500000000000000000e+02 1.800000000000000044e+00 9.114399999999999835e+00
3.500000000000000000e+02 2.000000000000000000e+00 9.001899999999999125e+00
3.500000000000000000e+02 2.200000000000000178e+00 8.884100000000000108e+00
3.500000000000000000e+02 2.400000000000000355e+00 8.766299999999999315e+00
3.500000000000000000e+02 2.600000000000000089e+00 8.655599999999999739e+00
3.500000000000000000e+02 2.799999999999999822e+00 8.565500000000000114e+00
3.500000000000000000e+02 3.000000000000000000e+00 8.426700000000000301e+00
3.500000000000000000e+02 3.200000000000000178e+00 8.304000000000000270e+00
3.500000000000000000e+02 3.400000000000000355e+00 8.196699999999999875e+00
3.500000000000000000e+02 3.600000000000000089e+00 8.075300000000000367e+00
4.000000000000000000e+02 1.800000000000000044e+00 9.391999999999999460e+00
4.000000000000000000e+02 2.000000000000000000e+00 9.252800000000000580e+00
4.000000000000000000e+02 2.200000000000000178e+00 9.137900000000000134e+00
4.000000000000000000e+02 2.400000000000000355e+00 9.021000000000000796e+00
4.000000000000000000e+02 2.600000000000000089e+00 8.905699999999999505e+00
4.000000000000000000e+02 2.799999999999999822e+00 8.792799999999999727e+00
4.000000000000000000e+02 3.000000000000000000e+00 8.675200000000000244e+00
4.000000000000000000e+02 3.200000000000000178e+00 8.554399999999999338e+00
4.000000000000000000e+02 3.400000000000000355e+00 8.434300000000000352e+00
4.000000000000000000e+02 3.600000000000000089e+00 8.313499999999999446e+00
4.500000000000000000e+02 1.800000000000000044e+00 9.592599999999999127e+00
4.500000000000000000e+02 2.000000000000000000e+00 9.467299999999999827e+00
4.500000000000000000e+02 2.200000000000000178e+00 9.348100000000000520e+00
4.500000000000000000e+02 2.400000000000000355e+00 9.243700000000000472e+00
4.500000000000000000e+02 2.600000000000000089e+00 9.114499999999999602e+00
4.500000000000000000e+02 2.799999999999999822e+00 8.995499999999999829e+00
4.500000000000000000e+02 3.000000000000000000e+00 8.873499999999999943e+00
4.500000000000000000e+02 3.200000000000000178e+00 8.750299999999999301e+00
4.500000000000000000e+02 3.400000000000000355e+00 8.625700000000000145e+00
4.500000000000000000e+02 3.600000000000000089e+00 8.500600000000000378e+00
