1.000000000000000000e+02 1.800000000000000044e+00 6.868900000000000006e+00 1.264287345020383952e+02
1.000000000000000000e+02 2.000000000000000000e+00 6.763600000000000279e+00 1.263996885400046040e+02
1.000000000000000000e+02 2.200000000000000178e+00 6.636599999999999611e+00 1.235536704351849409e+02
1.000000000000000000e+02 2.400000000000000355e+00 6.606799999999999784e+00 1.230917810557081111e+02
1.000000000000000000e+02 2.600000000000000089e+00 6.484200000000000408e+00 1.233163728842672100e+02
1.000000000000000000e+02 2.799999999999999822e+00 6.357099999999999973e+00 1.230939345205253090e+02
1.000000000000000000e+02 3.000000000000000000e+00 6.283400000000000318e+00 1.240305444678862017e+02
1.000000000000000000e+02 3.200000000000000178e+00 6.168099999999999916e+00 1.248784566936117386e+02
1.000000000000000000e+02 3.400000000000000355e+00 6.101299999999999967e+00 1.244948015897965803e+02
1.000000000000000000e+02 3.600000000000000089e+00 5.991500000000000270e+00 1.226722069425671151e+02
1.500000000000000000e+02 1.800000000000000044e+00 7.413599999999999746e+00 1.645908493525169547e+02
1.500000000000000000e+02 2.000000000000000000e+00 7.295099999999999696e+00 1.645744403264623372e+02
1.500000000000000000e+02 2.200000000000000178e+00 7.181199999999999584e+00 1.645408842180630131e+02
1.500000000000000000e+02 2.400000000000000355e+00 7.113999999999999879e+00 1.645238743063071354e+02
1.500000000000000000e+02 2.600000000000000089e+00 6.975599999999999810e+00 1.645141621613353493e+02
1.500000000000000000e+02 2.799999999999999822e+00 6.940699999999999648e+00 1.685265966863873643e+02
1.500000000000000000e+02 3.000000000000000000e+00 6.855000000000000426e+00 1.683762201176326698e+02
1.500000000000000000e+02 3.200000000000000178e+00 6.725200000000000422e+00 1.590753407339686021e+02
1.500000000000000000e+02 3.400000000000000355e+00 6.639799999999999578e+00 1.605394052103230820e+02
1.500000000000000000e+02 3.600000000000000089e+00 6.619200000000000195e+00 1.606678810490273293e+02
2.000000000000000000e+02 1.800000000000000044e+00 7.914299999999999891e+00 2.129551320461628450e+02
2.000000000000000000e+02 2.000000000000000000e+00 7.793400000000000105e+00 2.129352353518936525e+02
2.000000000000000000e+02 2.200000000000000178e+00 7.733500000000000263e+00 2.128689392220482546e+02
2.000000000000000000e+02 2.400000000000000355e+00 7.606700000000000017e+00 2.127567929114451317e+02
2.000000000000000000e+02 2.600000000000000089e+00 7.485500000000000043e+00 2.127280725750815975e+02
2.000000000000000000e+02 2.799999999999999822e+00 7.395699999999999719e+00 2.130630092492457379e+02
2.000000000000000000e+02 3.000000000000000000e+00 7.287200000000000344e+00 2.130744464588920266e+02
2.000000000000000000e+02 3.200000000000000178e+00 7.168999999999999595e+00 2.126984062452673925e+02
2.000000000000000000e+02 3.400000000000000355e+00 7.031100000000000350e+00 2.126861071744608580e+02
2.000000000000000000e+02 3.600000000000000089e+00 6.954399999999999693e+00 2.127186004718813024e+02
2.500000000000000000e+02 1.800000000000000044e+00 8.405400000000000205e+00 2.622159213018384207e+02
2.500000000000000000e+02 2.000000000000000000e+00 8.287599999999999412e+00 2.619776279161148409e+02
2.500000000000000000e+02 2.200000000000000178e+00 8.158300000000000551e+00 2.594324546770516804e+02
2.500000000000000000e+02 2.400000000000000355e+00 8.039199999999999235e+00 2.589756236240622229e+02
2.500000000000000000e+02 2.600000000000000089e+00 7.964900000000000091e+00 2.606664680373298211e+02
2.500000000000000000e+02 2.799999999999999822e+00 7.869200000000000195e+00 2.605287968998509882e+02
2.500000000000000000e+02 3.000000000000000000e+00 7.757500000000000284e+00 2.606435980529129779e+02
2.500000000000000000e+02 3.200000000000000178e+00 7.639400000000000190e+00 2.608589203079899335e+02
2.500000000000000000e+02 3.400000000000000355e+00 7.515900000000000247e+00 2.611396630371498304e+02
2.500000000000000000e+02 3.600000000000000089e+00 7.381199999999999761e+00 2.620958683885160099e+02
3.000000000000000000e+02 1.800000000000000044e+00 8.804899999999999949e+00 3.124775192336196028e+02
3.000000000000000000e+02 2.000000000000000000e+00 8.689700000000000202e+00 3.124692977049402316e+02
3.000000000000000000e+02 2.200000000000000178e+00 8.575499999999999901e+00 3.124532915313578769e+02
3.000000000000000000e+02 2.400000000000000355e+00 8.480900000000000105e+00 3.124382864634853263e+02
3.000000000000000000e+02 2.600000000000000089e+00 8.360300000000000509e+00 3.124288063304360321e+02
3.000000000000000000e+02 2.799999999999999822e+00 8.236599999999999255e+00 3.121551918521254265e+02
3.000000000000000000e+02 3.000000000000000000e+00 8.111200000000000188e+00 3.121431403963493381e+02
3.000000000000000000e+02 3.200000000000000178e+00 7.999399999999999622e+00 3.121228539763584990e+02
3.000000000000000000e+02 3.400000000000000355e+00 7.905599999999999739e+00 3.120594657094769104e+02
3.000000000000000000e+02 3.600000000000000089e+00 7.751900000000000013e+00 3.118035493293496643e+02
3.500000000000000000e+02 1.800000000000000044e+00 9.129300000000000637e+00 3.629162603521172059e+02
3.500000000000000000e+02 2.000000000000000000e+00 9.014400000000000190e+00 3.629047349861685348e+02
3.500000000000000000e+02 2.200000000000000178e+00 8.902699999999999392e+00 3.628247233117450605e+02
3.500000000000000000e+02 2.400000000000000355e+00 8.787499999999999645e+00 3.627148086002279683e+02
3.500000000000000000e+02 2.600000000000000089e+00 8.672299999999999898e+00 3.625800926382685816e+02
3.500000000000000000e+02 2.799999999999999822e+00 8.542600000000000193e+00 3.624379814378758056e+02
3.500000000000000000e+02 3.000000000000000000e+00 8.438000000000000611e+00 3.622691004760059741e+02
3.500000000000000000e+02 3.200000000000000178e+00 8.321300000000000807e+00 3.620581824004426039e+02
3.500000000000000000e+02 3.400000000000000355e+00 8.198299999999999699e+00 3.618725300176732844e+02
3.500000000000000000e+02 3.600000000000000089e+00 8.067099999999999937e+00 3.616657691121679363e+02
4.000000000000000000e+02 1.800000000000000044e+00 9.374700000000000699e+00 4.127996308360102375e+02
4.000000000000000000e+02 2.000000000000000000e+00 9.257799999999999585e+00 4.123607607574751341e+02
4.000000000000000000e+02 2.200000000000000178e+00 9.154199999999999449e+00 4.119450646974242431e+02
4.000000000000000000e+02 2.400000000000000355e+00 9.037300000000000111e+00 4.118172310802426068e+02
4.000000000000000000e+02 2.600000000000000089e+00 8.919499999999999318e+00 4.109871973855986198e+02
4.000000000000000000e+02 2.799999999999999822e+00 8.800900000000000389e+00 4.107374856146706747e+02
4.000000000000000000e+02 3.000000000000000000e+00 8.678300000000000125e+00 4.102158577105722657e+02
4.000000000000000000e+02 3.200000000000000178e+00 8.548600000000000421e+00 4.085525098540556428e+02
4.000000000000000000e+02 3.400000000000000355e+00 8.441399999999999793e+00 4.086488437831991973e+02
4.000000000000000000e+02 3.600000000000000089e+00 8.318500000000000227e+00 4.080282253847583434e+02
4.500000000000000000e+02 1.800000000000000044e+00 9.605000000000000426e+00 4.580142670680907599e+02
4.500000000000000000e+02 2.000000000000000000e+00 9.487000000000000099e+00 4.577723237833453709e+02
4.500000000000000000e+02 2.200000000000000178e+00 9.365000000000000213e+00 4.569703417611651162e+02
4.500000000000000000e+02 2.400000000000000355e+00 9.230199999999999960e+00 4.564666573635850000e+02
4.500000000000000000e+02 2.600000000000000089e+00 9.116400000000000503e+00 4.554356818962864395e+02
4.500000000000000000e+02 2.799999999999999822e+00 8.994699999999999918e+00 4.544122976149355395e+02
4.500000000000000000e+02 3.000000000000000000e+00 8.876799999999999358e+00 4.533255977452860748e+02
4.500000000000000000e+02 3.200000000000000178e+00 8.754699999999999704e+00 4.521676806300112617e+02
4.500000000000000000e+02 3.400000000000000355e+00 8.632600000000000051e+00 4.510260101144118039e+02
4.500000000000000000e+02 3.600000000000000089e+00 8.508699999999999264e+00 4.497168858450318112e+02
