1.000000000000000000e+02 2.399999999999999911e+00 6.434700000000000308e+00 1.000000000000000000e+02
1.000000000000000000e+02 2.600000000000000089e+00 6.304299999999999571e+00 1.000000000000000000e+02
1.000000000000000000e+02 2.799999999999999822e+00 6.038400000000000212e+00 1.000000000000000000e+02
1.000000000000000000e+02 3.000000000000000000e+00 6.116999999999999993e+00 1.000000000000000000e+02
1.000000000000000000e+02 3.200000000000000178e+00 6.016899999999999693e+00 1.000000000000000000e+02
1.000000000000000000e+02 3.400000000000000355e+00 5.942499999999999893e+00 1.000000000000000000e+02
1.000000000000000000e+02 3.600000000000000089e+00 5.770800000000000374e+00 1.000000000000000000e+02
1.000000000000000000e+02 3.800000000000000266e+00 5.555699999999999861e+00 1.000000000000000000e+02
1.000000000000000000e+02 4.000000000000000000e+00 5.586400000000000254e+00 1.000000000000000000e+02
1.000000000000000000e+02 4.200000000000000178e+00 5.457900000000000418e+00 1.000000000000000000e+02
1.500000000000000000e+02 2.399999999999999911e+00 7.091599999999999682e+00 1.500000000000000000e+02
1.500000000000000000e+02 2.600000000000000089e+00 6.957099999999999618e+00 1.500000000000000000e+02
1.500000000000000000e+02 2.799999999999999822e+00 6.837500000000000355e+00 1.500000000000000000e+02
1.500000000000000000e+02 3.000000000000000000e+00 6.762199999999999989e+00 1.500000000000000000e+02
1.500000000000000000e+02 3.200000000000000178e+00 6.666800000000000281e+00 1.500000000000000000e+02
1.500000000000000000e+02 3.400000000000000355e+00 6.552500000000000213e+00 1.500000000000000000e+02
1.500000000000000000e+02 3.600000000000000089e+00 6.426000000000000156e+00 1.500000000000000000e+02
1.500000000000000000e+02 3.800000000000000266e+00 6.256599999999999717e+00 1.500000000000000000e+02
1.500000000000000000e+02 4.000000000000000000e+00 6.205000000000000071e+00 1.500000000000000000e+02
1.500000000000000000e+02 4.200000000000000178e+00 6.090499999999999581e+00 1.500000000000000000e+02
2.000000000000000000e+02 2.399999999999999911e+00 7.593499999999999694e+00 2.000000000000000000e+02
2.000000000000000000e+02 2.600000000000000089e+00 7.472800000000000331e+00 2.000000000000000000e+02
2.000000000000000000e+02 2.799999999999999822e+00 7.331000000000000405e+00 2.000000000000000000e+02
2.000000000000000000e+02 3.000000000000000000e+00 7.205799999999999983e+00 2.000000000000000000e+02
2.000000000000000000e+02 3.200000000000000178e+00 7.130200000000000315e+00 2.000000000000000000e+02
2.000000000000000000e+02 3.400000000000000355e+00 6.990300000000000402e+00 2.000000000000000000e+02
2.000000000000000000e+02 3.600000000000000089e+00 6.900299999999999656e+00 2.000000000000000000e+02
2.000000000000000000e+02 3.800000000000000266e+00 6.805100000000000371e+00 2.000000000000000000e+02
2.000000000000000000e+02 4.000000000000000000e+00 6.686099999999999710e+00 2.000000000000000000e+02
2.000000000000000000e+02 4.200000000000000178e+00 6.562299999999999578e+00 2.000000000000000000e+02
2.500000000000000000e+02 2.399999999999999911e+00 8.038399999999999324e+00 2.500000000000000000e+02
2.500000000000000000e+02 2.600000000000000089e+00 7.922200000000000131e+00 2.500000000000000000e+02
2.500000000000000000e+02 2.799999999999999822e+00 7.840300000000000047e+00 2.500000000000000000e+02
2.500000000000000000e+02 3.000000000000000000e+00 7.724499999999999922e+00 2.500000000000000000e+02
2.500000000000000000e+02 3.200000000000000178e+00 7.624900000000000233e+00 2.500000000000000000e+02
2.500000000000000000e+02 3.400000000000000355e+00 7.506199999999999761e+00 2.500000000000000000e+02
2.500000000000000000e+02 3.600000000000000089e+00 7.371699999999999697e+00 2.500000000000000000e+02
2.500000000000000000e+02 3.800000000000000266e+00 7.236699999999999910e+00 2.500000000000000000e+02
2.500000000000000000e+02 4.000000000000000000e+00 7.111299999999999955e+00 2.500000000000000000e+02
2.500000000000000000e+02 4.200000000000000178e+00 7.006499999999999950e+00 2.500000000000000000e+02
3.000000000000000000e+02 2.399999999999999911e+00 8.479799999999999116e+00 3.000000000000000000e+02
3.000000000000000000e+02 2.600000000000000089e+00 8.355100000000000193e+00 3.000000000000000000e+02
3.000000000000000000e+02 2.799999999999999822e+00 8.228699999999999903e+00 3.000000000000000000e+02
3.000000000000000000e+02 3.000000000000000000e+00 8.104799999999999116e+00 3.000000000000000000e+02
3.000000000000000000e+02 3.200000000000000178e+00 7.981499999999999595e+00 3.000000000000000000e+02
3.000000000000000000e+02 3.400000000000000355e+00 7.892000000000000348e+00 3.000000000000000000e+02
3.000000000000000000e+02 3.600000000000000089e+00 7.754400000000000404e+00 3.000000000000000000e+02
3.000000000000000000e+02 3.800000000000000266e+00 7.651699999999999946e+00 3.000000000000000000e+02
3.000000000000000000e+02 4.000000000000000000e+00 7.534399999999999764e+00 3.000000000000000000e+02
3.000000000000000000e+02 4.200000000000000178e+00 7.409799999999999720e+00 3.000000000000000000e+02
3.500000000000000000e+02 2.399999999999999911e+00 8.782000000000000028e+00 3.500000000000000000e+02
3.500000000000000000e+02 2.600000000000000089e+00 8.667899999999999494e+00 3.500000000000000000e+02
3.500000000000000000e+02 2.799999999999999822e+00 8.535000000000000142e+00 3.500000000000000000e+02
3.500000000000000000e+02 3.000000000000000000e+00 8.429999999999999716e+00 3.500000000000000000e+02
3.500000000000000000e+02 3.200000000000000178e+00 8.309799999999999187e+00 3.500000000000000000e+02
3.500000000000000000e+02 3.400000000000000355e+00 8.193199999999999150e+00 3.500000000000000000e+02
3.500000000000000000e+02 3.600000000000000089e+00 8.063499999999999446e+00 3.500000000000000000e+02
3.500000000000000000e+02 3.800000000000000266e+00 7.936099999999999710e+00 3.500000000000000000e+02
3.500000000000000000e+02 4.000000000000000000e+00 7.816799999999999748e+00 3.500000000000000000e+02
3.500000000000000000e+02 4.200000000000000178e+00 7.689700000000000202e+00 3.500000000000000000e+02
4.000000000000000000e+02 2.399999999999999911e+00 9.032899999999999707e+00 4.000000000000000000e+02
4.000000000000000000e+02 2.600000000000000089e+00 8.915499999999999758e+00 4.000000000000000000e+02
4.000000000000000000e+02 2.799999999999999822e+00 8.798899999999999721e+00 4.000000000000000000e+02
4.000000000000000000e+02 3.000000000000000000e+00 8.675900000000000389e+00 4.000000000000000000e+02
4.000000000000000000e+02 3.200000000000000178e+00 8.548500000000000654e+00 4.000000000000000000e+02
4.000000000000000000e+02 3.400000000000000355e+00 8.439500000000000668e+00 4.000000000000000000e+02
4.000000000000000000e+02 3.600000000000000089e+00 8.314600000000000435e+00 4.000000000000000000e+02
4.000000000000000000e+02 3.800000000000000266e+00 8.185600000000000875e+00 4.000000000000000000e+02
4.000000000000000000e+02 4.000000000000000000e+00 8.058500000000000441e+00 4.000000000000000000e+02
4.000000000000000000e+02 4.200000000000000178e+00 7.925799999999999734e+00 4.000000000000000000e+02
4.500000000000000000e+02 2.399999999999999911e+00 9.207000000000000739e+00 4.500000000000000000e+02
4.500000000000000000e+02 2.600000000000000089e+00 9.115399999999999281e+00 4.500000000000000000e+02
4.500000000000000000e+02 2.799999999999999822e+00 8.994300000000000850e+00 4.500000000000000000e+02
4.500000000000000000e+02 3.000000000000000000e+00 8.872999999999999332e+00 4.500000000000000000e+02
4.500000000000000000e+02 3.200000000000000178e+00 8.752800000000000580e+00 4.500000000000000000e+02
4.500000000000000000e+02 3.400000000000000355e+00 8.629699999999999704e+00 4.500000000000000000e+02
4.500000000000000000e+02 3.600000000000000089e+00 8.506500000000000838e+00 4.500000000000000000e+02
4.500000000000000000e+02 3.800000000000000266e+00 8.378700000000000259e+00 4.500000000000000000e+02
4.500000000000000000e+02 4.000000000000000000e+00 8.253899999999999793e+00 4.500000000000000000e+02
4.500000000000000000e+02 4.200000000000000178e+00 8.122199999999999420e+00 4.500000000000000000e+02
5.000000000000000000e+02 2.399999999999999911e+00 9.400000000000000355e+00 5.000000000000000000e+02
5.000000000000000000e+02 2.600000000000000089e+00 9.273500000000000298e+00 5.000000000000000000e+02
5.000000000000000000e+02 2.799999999999999822e+00 9.152900000000000702e+00 5.000000000000000000e+02
5.000000000000000000e+02 3.000000000000000000e+00 9.007899999999999352e+00 5.000000000000000000e+02
5.000000000000000000e+02 3.200000000000000178e+00 8.904299999999999216e+00 5.000000000000000000e+02
5.000000000000000000e+02 3.400000000000000355e+00 8.788299999999999557e+00 5.000000000000000000e+02
5.000000000000000000e+02 3.600000000000000089e+00 8.656800000000000495e+00 5.000000000000000000e+02
5.000000000000000000e+02 3.800000000000000266e+00 8.522000000000000242e+00 5.000000000000000000e+02
5.000000000000000000e+02 4.000000000000000000e+00 8.399699999999999278e+00 5.000000000000000000e+02
5.000000000000000000e+02 4.200000000000000178e+00 8.276400000000000645e+00 5.000000000000000000e+02
5.500000000000000000e+02 2.399999999999999911e+00 9.518499999999999517e+00 5.500000000000000000e+02
5.500000000000000000e+02 2.600000000000000089e+00 9.392500000000000071e+00 5.500000000000000000e+02
5.500000000000000000e+02 2.799999999999999822e+00 9.266899999999999693e+00 5.500000000000000000e+02
5.500000000000000000e+02 3.000000000000000000e+00 9.148999999999999133e+00 5.500000000000000000e+02
5.500000000000000000e+02 3.200000000000000178e+00 9.023999999999999133e+00 5.500000000000000000e+02
5.500000000000000000e+02 3.400000000000000355e+00 8.897800000000000153e+00 5.500000000000000000e+02
5.500000000000000000e+02 3.600000000000000089e+00 8.777699999999999392e+00 5.500000000000000000e+02
5.500000000000000000e+02 3.800000000000000266e+00 8.650999999999999801e+00 5.500000000000000000e+02
5.500000000000000000e+02 4.000000000000000000e+00 8.530900000000000816e+00 5.500000000000000000e+02
5.500000000000000000e+02 4.200000000000000178e+00 8.394500000000000739e+00 5.500000000000000000e+02
6.000000000000000000e+02 2.399999999999999911e+00 9.634499999999999176e+00 6.000000000000000000e+02
6.000000000000000000e+02 2.600000000000000089e+00 9.504899999999999238e+00 6.000000000000000000e+02
6.000000000000000000e+02 2.799999999999999822e+00 9.377100000000000435e+00 6.000000000000000000e+02
6.000000000000000000e+02 3.000000000000000000e+00 9.246299999999999741e+00 6.000000000000000000e+02
6.000000000000000000e+02 3.200000000000000178e+00 9.127599999999999270e+00 6.000000000000000000e+02
6.000000000000000000e+02 3.400000000000000355e+00 9.002399999999999736e+00 6.000000000000000000e+02
6.000000000000000000e+02 3.600000000000000089e+00 8.871499999999999275e+00 6.000000000000000000e+02
6.000000000000000000e+02 3.800000000000000266e+00 8.750299999999999301e+00 6.000000000000000000e+02
6.000000000000000000e+02 4.000000000000000000e+00 8.621299999999999741e+00 6.000000000000000000e+02
6.000000000000000000e+02 4.200000000000000178e+00 8.485400000000000276e+00 6.000000000000000000e+02
7.000000000000000000e+02 2.399999999999999911e+00 9.893299999999999983e+00 7.000000000000000000e+02
7.000000000000000000e+02 2.600000000000000089e+00 9.729900000000000659e+00 7.000000000000000000e+02
7.000000000000000000e+02 2.799999999999999822e+00 9.584400000000000475e+00 7.000000000000000000e+02
7.000000000000000000e+02 3.000000000000000000e+00 9.451599999999999113e+00 7.000000000000000000e+02
7.000000000000000000e+02 3.200000000000000178e+00 9.324400000000000688e+00 7.000000000000000000e+02
7.000000000000000000e+02 3.400000000000000355e+00 9.184300000000000352e+00 7.000000000000000000e+02
7.000000000000000000e+02 3.600000000000000089e+00 9.049699999999999633e+00 7.000000000000000000e+02
7.000000000000000000e+02 3.800000000000000266e+00 8.918400000000000105e+00 7.000000000000000000e+02
7.000000000000000000e+02 4.000000000000000000e+00 8.787699999999999179e+00 7.000000000000000000e+02
7.000000000000000000e+02 4.200000000000000178e+00 8.656100000000000350e+00 7.000000000000000000e+02
9.000000000000000000e+02 2.399999999999999911e+00 9.976000000000000867e+00 9.000000000000000000e+02
9.000000000000000000e+02 2.600000000000000089e+00 9.834199999999999164e+00 9.000000000000000000e+02
9.000000000000000000e+02 2.799999999999999822e+00 9.693799999999999528e+00 9.000000000000000000e+02
9.000000000000000000e+02 3.000000000000000000e+00 9.551399999999999224e+00 9.000000000000000000e+02
9.000000000000000000e+02 3.200000000000000178e+00 9.410600000000000520e+00 9.000000000000000000e+02
9.000000000000000000e+02 3.400000000000000355e+00 9.276699999999999946e+00 9.000000000000000000e+02
9.000000000000000000e+02 3.600000000000000089e+00 9.144099999999999895e+00 9.000000000000000000e+02
9.000000000000000000e+02 3.800000000000000266e+00 9.011200000000000543e+00 9.000000000000000000e+02
9.000000000000000000e+02 4.000000000000000000e+00 8.884800000000000253e+00 9.000000000000000000e+02
9.000000000000000000e+02 4.200000000000000178e+00 8.834300000000000708e+00 9.000000000000000000e+02
1.100000000000000000e+03 2.399999999999999911e+00 1.033099999999999952e+01 1.100000000000000000e+03
1.100000000000000000e+03 2.600000000000000089e+00 1.017999999999999972e+01 1.100000000000000000e+03
1.100000000000000000e+03 2.799999999999999822e+00 1.003100000000000058e+01 1.100000000000000000e+03
1.100000000000000000e+03 3.000000000000000000e+00 9.886200000000000543e+00 1.100000000000000000e+03
1.100000000000000000e+03 3.200000000000000178e+00 9.742200000000000415e+00 1.100000000000000000e+03
1.100000000000000000e+03 3.400000000000000355e+00 9.592700000000000671e+00 1.100000000000000000e+03
1.100000000000000000e+03 3.600000000000000089e+00 9.451399999999999579e+00 1.100000000000000000e+03
1.100000000000000000e+03 3.800000000000000266e+00 9.313900000000000290e+00 1.100000000000000000e+03
1.100000000000000000e+03 4.000000000000000000e+00 9.177699999999999747e+00 1.100000000000000000e+03
1.100000000000000000e+03 4.200000000000000178e+00 9.044499999999999318e+00 1.100000000000000000e+03
1.300000000000000000e+03 2.399999999999999911e+00 1.073499999999999943e+01 1.300000000000000000e+03
1.300000000000000000e+03 2.600000000000000089e+00 1.055599999999999916e+01 1.300000000000000000e+03
1.300000000000000000e+03 2.799999999999999822e+00 1.038700000000000045e+01 1.300000000000000000e+03
1.300000000000000000e+03 3.000000000000000000e+00 1.022700000000000031e+01 1.300000000000000000e+03
1.300000000000000000e+03 3.200000000000000178e+00 1.007300000000000040e+01 1.300000000000000000e+03
1.300000000000000000e+03 3.400000000000000355e+00 9.923600000000000421e+00 1.300000000000000000e+03
1.300000000000000000e+03 3.600000000000000089e+00 9.773699999999999832e+00 1.300000000000000000e+03
1.300000000000000000e+03 3.800000000000000266e+00 9.617599999999999483e+00 1.300000000000000000e+03
1.300000000000000000e+03 4.000000000000000000e+00 9.472599999999999909e+00 1.300000000000000000e+03
1.300000000000000000e+03 4.200000000000000178e+00 9.327500000000000568e+00 1.300000000000000000e+03
1.500000000000000000e+03 2.399999999999999911e+00 1.128800000000000026e+01 1.500000000000000000e+03
1.500000000000000000e+03 2.600000000000000089e+00 1.103500000000000014e+01 1.500000000000000000e+03
1.500000000000000000e+03 2.799999999999999822e+00 1.080799999999999983e+01 1.500000000000000000e+03
1.500000000000000000e+03 3.000000000000000000e+00 1.061400000000000077e+01 1.500000000000000000e+03
1.500000000000000000e+03 3.200000000000000178e+00 1.043200000000000038e+01 1.500000000000000000e+03
1.500000000000000000e+03 3.400000000000000355e+00 1.026699999999999946e+01 1.500000000000000000e+03
1.500000000000000000e+03 3.600000000000000089e+00 1.010200000000000031e+01 1.500000000000000000e+03
1.500000000000000000e+03 3.800000000000000266e+00 9.948000000000000398e+00 1.500000000000000000e+03
1.500000000000000000e+03 4.000000000000000000e+00 9.792899999999999494e+00 1.500000000000000000e+03
1.500000000000000000e+03 4.200000000000000178e+00 9.631099999999999994e+00 1.500000000000000000e+03
