0.000000000000000000e+00 0.000000000000000000e+00 1.762168086614926077e+00 1.208734419140413672e+13 4.724117651792955439e+04
1.036833643626417816e+08 8.226307668439932357e+24 1.761931809310487429e+00 1.208391334160070898e+13 4.723648319083594834e+04
1.306353875609237403e+08 1.645261533687986471e+25 1.761726740407774772e+00 1.208093565144061914e+13 4.723240907401269214e+04
1.645969403845859468e+08 3.290523067375972943e+25 1.761401242017875957e+00 1.207620927240857031e+13 4.722594103641667607e+04
2.073934893823251724e+08 6.581046134751945886e+25 1.760884629923414435e+00 1.206870783863703906e+13 4.721567196434929792e+04
2.613287422324196398e+08 1.316209226950389177e+26 1.760064782575182507e+00 1.205680329587751172e+13 4.719936674538140505e+04
3.293126426018678546e+08 2.632418453900778354e+26 1.758763926944591827e+00 1.203791430117013281e+13 4.717347368750234455e+04
4.150263682944467068e+08 5.264836907801556709e+26 1.756700392624881424e+00 1.200795087485765625e+13 4.713234555518509296e+04
5.231377067162445188e+08 1.052967381560311342e+27 1.753428383241526944e+00 1.196043985307318359e+13 4.706699442740219820e+04
6.595874887924602032e+08 2.105934763120622683e+27 1.748243586639366187e+00 1.188515430118854883e+13 4.696309316358638898e+04
8.319809514959157705e+08 4.211869526241245367e+27 1.740036424165082529e+00 1.176598261580958984e+13 4.679794143028536200e+04
1.050142000855830908e+09 8.423739052482490734e+27 1.727074909152466198e+00 1.157777541369093359e+13 4.653503741392233496e+04
1.326617862125924826e+09 1.684747810496498147e+28 1.709120690670455023e+00 1.131823535410632031e+13 4.616788810296074371e+04
1.521483672387108088e+09 2.527121715744747220e+28 1.693679766127843767e+00 1.109698148508067383e+13 4.585054904219751188e+04
1.677358639195065737e+09 3.369495620992996293e+28 1.679768335972856352e+00 1.089919196213630469e+13 4.556336052350034151e+04
1.809591995792383671e+09 4.211869526241244927e+28 1.666918148152882528e+00 1.071782014715508789e+13 4.529701465011747496e+04
1.925685510361485243e+09 5.054243431489494440e+28 1.654860958086251665e+00 1.054884766917931445e+13 4.504622559543758689e+04
2.029934591391087055e+09 5.896617336737743074e+28 1.643437184088324843e+00 1.038971723208619531e+13 4.480764296065777307e+04
2.125055777378261566e+09 6.738991241985992587e+28 1.632532621765093728e+00 1.023867675869038086e+13 4.457898010067006544e+04
2.212889959226137161e+09 7.581365147234242100e+28 1.622048723855983088e+00 1.009446087616312305e+13 4.435859170689578605e+04
2.294747647305915833e+09 8.423739052482489854e+28 1.611943565985580529e+00 9.956117905915951172e+12 4.414524463069276680e+04
2.371600389877453327e+09 9.266112957730740247e+28 1.602146192787782031e+00 9.822909458907472656e+12 4.393762483847236581e+04
2.444192438367962837e+09 1.010848686297898888e+29 1.592566210564985374e+00 9.694249250677033203e+12 4.373378216143773170e+04
2.513101561492254734e+09 1.095086076822723927e+29 1.583291882324433741e+00 9.569660497899244141e+12 4.353471429028997227e+04
2.578790219556375980e+09 1.179323467347548615e+29 1.574280878622957180e+00 9.448748786422951172e+12 4.333991103035662672e+04
2.641636332300132751e+09 1.263560857872373654e+29 1.565466046803805966e+00 9.331183566089824219e+12 4.314894596013212868e+04
2.701951404500919819e+09 1.347798248397198517e+29 1.556843106077958616e+00 9.216684167157955078e+12 4.296145788677540986e+04
2.759996032754930496e+09 1.432035638922023381e+29 1.548394487893957061e+00 9.105009688658777344e+12 4.277713750648489076e+04
2.815990526874266148e+09 1.516273029446848420e+29 1.540109756292940668e+00 8.995951409874628906e+12 4.259571741427200323e+04
2.870122341638588905e+09 1.600510419971673107e+29 1.531998616524012258e+00 8.889326731101498047e+12 4.241694771836384461e+04
2.922553928726658821e+09 1.684747810496497971e+29 1.524023458877605597e+00 8.784974886273880859e+12 4.224063651377053611e+04
2.973426629994839668e+09 1.768985201021323186e+29 1.516168154628221076e+00 8.682753448030202148e+12 4.206660554612924898e+04
3.022863736874031544e+09 1.853222591546148049e+29 1.508435812084869543e+00 8.582535375247508789e+12 4.189469307999110606e+04
3.070974134548995495e+09 1.937459982070972913e+29 1.500808468041547217e+00 8.484206812149981445e+12 4.172475436925718532e+04
3.117853944612312794e+09 2.021697372595797776e+29 1.493289617039806227e+00 8.387665154393828125e+12 4.155665910738212551e+04
3.163588699328361988e+09 2.105934763120622639e+29 1.485874763910653318e+00 8.292817481847531250e+12 4.139028937002863677e+04
3.208255371185410023e+09 2.190172153645447855e+29 1.478543293583201024e+00 8.199579394743285156e+12 4.122553814990579122e+04
3.251922732685258389e+09 2.274409544170272366e+29 1.471304230152731929e+00 8.107874144421010742e+12 4.106006768497274606e+04
3.294647755620103359e+09 2.358646934695097229e+29 1.464329680189750293e+00 8.017630478029907227e+12 4.089565489630273078e+04
3.336489162825958252e+09 2.442884325219922093e+29 1.457360505360792757e+00 7.928783170943173828e+12 4.073262219161217945e+04
3.377501014632928848e+09 2.527121715744747308e+29 1.450370134136244049e+00 7.841272559011048828e+12 4.057089254357106256e+04
3.417730039557681084e+09 2.611359106269572171e+29 1.443450833163264946e+00 7.755043501381702148e+12 4.041039474193056958e+04
3.457219123058473110e+09 2.695596496794397035e+29 1.436594566900529779e+00 7.670044925684404297e+12 4.025106280866977613e+04
3.496007535977563858e+09 2.779833887319221898e+29 1.429801485284110552e+00 7.586229380530347656e+12 4.009283539253119670e+04
3.534131793013660908e+09 2.864071277844046058e+29 1.423054462173764856e+00 7.503552752496918945e+12 3.993565544337587198e+04
3.571625079430277824e+09 2.948308668368871977e+29 1.416370278508487734e+00 7.421973871307863281e+12 3.977910328811599175e+04
3.608518092366291523e+09 3.032546058893696840e+29 1.409746022451874081e+00 7.341454227362990234e+12 3.962313988133709063e+04
3.644839491396516800e+09 3.116783449418521000e+29 1.403171184019939455e+00 7.261957756006270508e+12 3.946808084242193581e+04
3.680615940912580967e+09 3.201020839943346215e+29 1.396641941205740922e+00 7.183450635046350586e+12 3.931388193174095795e+04
3.715872040657227993e+09 3.285258230468171782e+29 1.390165048080372445e+00 7.105901058391566406e+12 3.916050145268216875e+04
3.750630839197791576e+09 3.369495620992995942e+29 1.383734167290273431e+00 7.029279074446406250e+12 3.900790004505780234e+04
3.784914024871307373e+09 3.453733011517820805e+29 1.377341221824023965e+00 6.953556462110174805e+12 3.885604054227362212e+04
3.818741659902459621e+09 3.537970402042645668e+29 1.370994288815810203e+00 6.878706560032423828e+12 3.870488772488469112e+04
3.852132639530499935e+09 3.622207792567471235e+29 1.364688074271049212e+00 6.804704253471375977e+12 3.855440838280494063e+04
3.885102092219615459e+09 3.706445183092296099e+29 1.358529648081049590e+00 6.731525663147847656e+12 3.840386985237689805e+04
3.917661353050285816e+09 3.790682573617120962e+29 1.352636471852934896e+00 6.659147477049653320e+12 3.825394204121776420e+04
3.949828408687705994e+09 3.874919964141945122e+29 1.346694012481802982e+00 6.587547767036888672e+12 3.810460008261103212e+04
3.981619451773371220e+09 3.959157354666770689e+29 1.340735107406457738e+00 6.516705941102418945e+12 3.795581593958591839e+04
4.013045622829304218e+09 4.043394745191595552e+29 1.334937019310284079e+00 6.446602064751401367e+12 3.780756207506004284e+04
4.044121520961843967e+09 4.127632135716420415e+29 1.329120766271234544e+00 6.377217204282218750e+12 3.765981221629097854e+04
4.074862384344085693e+09 4.211869526241244575e+29 1.323224505200911505e+00 6.308533552451826172e+12 3.751254168209572526e+04
4.105281051641112804e+09 4.296106916766070846e+29 1.317319163714184782e+00 6.240534171990021484e+12 3.736572689447648736e+04
4.135390037733680725e+09 4.380344307290895709e+29 1.311389819187678940e+00 6.173202974027520508e+12 3.721914257355728478e+04
4.165201073244516850e+09 4.464581697815719869e+29 1.305443443260836833e+00 6.106524646209705078e+12 3.707272667606735195e+04
4.194725269315133572e+09 4.548819088340544732e+29 1.299481927429127381e+00 6.040484599537507812e+12 3.692670498120249977e+04
4.223973118244075298e+09 4.633056478865370299e+29 1.293508994816845004e+00 5.975068911954482422e+12 3.678105770767416834e+04
4.252954665559237957e+09 4.717293869390194459e+29 1.287522433611245409e+00 5.910264285878195312e+12 3.663576585855850863e+04
4.281679645473896980e+09 4.801531259915020026e+29 1.281515383829933130e+00 5.846058028091274414e+12 3.649081121101562894e+04
4.310157179344431877e+09 4.885768650439844186e+29 1.275495774251399705e+00 5.782437985375365234e+12 3.634617620393819379e+04
4.338396378167601585e+09 4.970006040964669753e+29 1.269445789105329236e+00 5.719392557816952148e+12 3.620184399867563479e+04
4.366405567691357613e+09 5.054243431489494616e+29 1.263383505413412156e+00 5.656910630501624023e+12 3.605779835295442172e+04
4.394192746605441093e+09 5.138480822014319479e+29 1.257307722158030439e+00 5.594981547424644531e+12 3.591696550617906905e+04
4.421765590200664520e+09 5.222718212539143639e+29 1.251218049503860286e+00 5.533595088007385742e+12 3.577641588124392001e+04
4.449131390464460373e+09 5.306955603063969910e+29 1.245117767157065458e+00 5.472741425169787109e+12 3.563609060890027467e+04
4.476297581754275322e+09 5.391192993588794070e+29 1.238986973247565571e+00 5.412411140392491211e+12 3.549597581915833871e+04
4.503271261033405304e+09 5.475430384113618229e+29 1.232828222509833926e+00 5.352595226168164062e+12 3.535605817147686321e+04
4.530058131956847191e+09 5.559667774638443796e+29 1.226693547675531848e+00 5.293284947987075195e+12 3.521632455229624611e+04
4.556664713494719505e+09 5.643905165163269363e+29 1.220534748628565813e+00 5.234471892601055664e+12 3.507676220270699559e+04
4.583098060604784012e+09 5.728142555688093523e+29 1.214316273638345711e+00 5.176148032610404297e+12 3.493735889060464979e+04
4.609364096069519043e+09 5.812379946212919090e+29 1.208079800219169497e+00 5.118305568245430664e+12 3.480047906154184602e+04
4.635471363767467499e+09 5.896617336737743953e+29 1.201694527813913727e+00 5.060937216044378906e+12 3.466491637239906413e+04
4.661424481219124794e+09 5.980854727262568113e+29 1.195331710747137066e+00 5.004035891862670898e+12 3.452946127676249307e+04
4.687228635369805336e+09 6.065092117787393680e+29 1.188957171245392797e+00 4.947594752820807617e+12 3.439410323518723453e+04
4.712888959398406029e+09 6.149329508312217840e+29 1.182565607010980679e+00 4.891607196814893555e+12 3.425883196009257517e+04
4.738410313308909416e+09 6.233566898837041999e+29 1.176162250204135340e+00 4.836066839266334961e+12 3.412363737172802939e+04
4.763797584328312874e+09 6.317804289361868974e+29 1.169738875114849641e+00 4.780967510236887695e+12 3.398850960210275662e+04
4.789055750884374619e+09 6.402041679886692430e+29 1.163284596157906137e+00 4.726303267239514648e+12 3.385343903786058945e+04
4.814189366515648842e+09 6.486279070411517293e+29 1.156812687869305689e+00 4.672068368132238281e+12 3.371958997835617629e+04
4.839202736900635719e+09 6.570516460936343564e+29 1.150328693195124652e+00 4.618257253894279297e+12 3.358675424141262920e+04
4.864100067502527237e+09 6.654753851461168427e+29 1.143831689505714788e+00 4.564864540022850586e+12 3.345393895624158176e+04
4.888885547004078865e+09 6.738991241985991883e+29 1.137317193931618231e+00 4.511885012583483398e+12 3.332113529374796053e+04
4.913563392215438843e+09 6.823228632510818154e+29 1.130778913926589357e+00 4.459313530881772461e+12 3.318833433402419178e+04
4.938142417527689934e+09 6.907466023035641610e+29 1.124000761114721136e+00 4.407145481436134766e+12 3.305552822562371148e+04
4.962623671388469696e+09 6.991703413560467881e+29 1.117333678558745547e+00 4.355376245955459473e+12 3.292270885966714559e+04
4.987009522302829742e+09 7.075940804085292744e+29 1.110713646869043059e+00 4.304001265186955078e+12 3.278986802776456170e+04
5.011303469182609558e+09 7.160178194610116200e+29 1.104085341871118953e+00 4.253016113683304199e+12 3.266278849371469187e+04
5.035508815615266800e+09 7.244415585134942471e+29 1.097453968606102670e+00 4.202416483240444336e+12 3.253865009275493503e+04
5.059629019926150322e+09 7.328652975659767334e+29 1.090809012737520733e+00 4.152198191440000977e+12 3.241443544978785212e+04
5.083667513548907280e+09 7.412890366184592197e+29 1.084148382381168618e+00 4.102357181626520508e+12 3.229013701511878389e+04
5.107627555704367638e+09 7.497127756709415653e+29 1.077476737074869906e+00 4.052889512617259277e+12 3.216574729287974333e+04
5.131512320031424522e+09 7.581365147234241924e+29 1.070794994421949475e+00 4.003791354250552734e+12 3.204125883429020905e+04
5.155324870134933472e+09 7.665602537759066787e+29 1.064105326528440365e+00 3.955058981821266113e+12 3.191666422766708638e+04
5.179068149666031837e+09 7.749839928283891651e+29 1.057410490978653028e+00 3.906688761442649902e+12 3.179195606438819232e+04
5.202745454286305428e+09 7.834077318808716514e+29 1.050692333049301874e+00 3.858677176554411621e+12 3.166712701051468684e+04
5.226359638915545464e+09 7.918314709333541378e+29 1.043968147103172983e+00 3.811020801256496094e+12 3.154216974202538768e+04
5.249913576796060562e+09 8.002552099858367648e+29 1.037234952301600011e+00 3.763716282104504883e+12 3.141707689914102593e+04
5.273411155653325081e+09 8.086789490383191104e+29 1.030446029845385247e+00 3.716760380765743164e+12 3.129184120128319773e+04
5.296856883901010513e+09 8.171026880908015968e+29 1.023572460782646409e+00 3.670150025137901367e+12 3.116645559085108471e+04
5.320254055436491013e+09 8.255264271432840831e+29 1.016665905353452581e+00 3.623882260569572266e+12 3.104091311219753698e+04
5.343604828052552223e+09 8.339501661957665694e+29 1.009774280139496883e+00 3.577954190613550293e+12 3.091520675537181523e+04
5.366911235974036217e+09 8.423739052482490558e+29 1.002901335242563086e+00 3.532362972512856445e+12 3.079174326949679016e+04
5.390175188573860168e+09 8.507976443007315421e+29 9.960509068152850753e-01 3.487105811395410645e+12 3.066924535859197204e+04
5.413398554635336876e+09 8.592213833532141692e+29 9.892232476073854475e-01 3.442179958093994629e+12 3.054655299850288793e+04
5.436583211456702232e+09 8.676451224056965148e+29 9.824165786417047297e-01 3.397582709269726562e+12 3.042365892395096671e+04
5.459731054140020370e+09 8.760688614581791418e+29 9.756288089192007851e-01 3.353311407699144531e+12 3.030055577322706085e+04
5.482844008347362518e+09 8.844926005106614874e+29 9.688573956567737566e-01 3.309363445353160156e+12 3.017723609480161031e+04
5.505923886479575157e+09 8.929163395631439738e+29 9.621059085541604494e-01 3.265736258151166992e+12 3.005369233064723085e+04
5.528972468644597054e+09 9.013400786156266009e+29 9.553745520813553549e-01 3.222427324568239746e+12 2.993068001123786598e+04
5.551991513341275215e+09 9.097638176681089465e+29 9.486631364182004367e-01 3.179434168198300293e+12 2.980792044735337913e+04
5.574982531417626381e+09 9.181875567205914328e+29 9.419808227577730619e-01 3.136754392749322266e+12 2.968491085292310891e+04
5.597943935982686996e+09 9.266112957730740599e+29 9.354532521036978965e-01 3.094385442342616211e+12 2.956164275760651799e+04
5.620880678672674179e+09 9.350350348255565462e+29 9.288123196474729060e-01 3.052324942094105957e+12 2.943810795603504812e+04
5.643795042532444000e+09 9.434587738780388918e+29 9.221662848686068559e-01 3.010570581325129395e+12 2.931429817540631484e+04
5.666688772323897362e+09 9.518825129305213781e+29 9.155362009585366057e-01 2.969120088682945312e+12 2.919020500015164725e+04
5.689563604386167526e+09 9.603062519830040052e+29 9.089216736284564391e-01 2.927971231880370117e+12 2.906396272414282794e+04
5.712421239371629715e+09 9.687299910354864915e+29 9.023234383777664069e-01 2.887121812283604980e+12 2.893703070490993559e+04
5.735263622415482521e+09 9.771537300879688371e+29 8.957312275285140846e-01 2.846569678269770020e+12 2.880979350008505207e+04
5.758092463985684395e+09 9.855774691404514642e+29 8.891537461958873845e-01 2.806312715116805664e+12 2.868224203286538250e+04
5.780909432002719879e+09 9.940012081929339505e+29 8.825921149940177957e-01 2.766348842716117676e+12 2.855436704695918161e+04
5.803716197631880760e+09 1.002424947245416296e+30 8.760457041413239887e-01 2.726676015044897461e+12 2.842615909898244354e+04
5.826514449499708176e+09 1.010848686297898923e+30 8.695133884335597418e-01 2.687292219688468262e+12 2.829431069210411806e+04
5.849305931900767326e+09 1.019272425350381410e+30 8.629926496128291769e-01 2.648195485135784668e+12 2.815558402292777828e+04
5.872091969219551086e+09 1.027696164402863896e+30 8.564990052055470038e-01 2.609383883588785645e+12 2.801651610546599113e+04
5.894872333081094742e+09 1.036119903455346523e+30 8.500901053905151050e-01 2.570855445920597168e+12 2.787709631618278581e+04
5.917648610624897003e+09 1.044543642507828869e+30 8.436971162437157945e-01 2.532608222127601562e+12 2.773731375216340166e+04
5.940423366342365265e+09 1.052967381560311355e+30 8.372836422207269313e-01 2.494640319847752441e+12 2.759715736314174865e+04
5.963199077483139992e+09 1.061391120612793982e+30 8.308531467601404374e-01 2.456949895439433105e+12 2.745661591389060413e+04
5.985978539658182144e+09 1.069814859665276468e+30 8.243943499386683360e-01 2.419535164870751953e+12 2.731567801936106480e+04
6.008764523591637611e+09 1.078238598717758814e+30 8.179086930885339779e-01 2.382394403479439453e+12 2.717433213949669880e+04
6.031559593204710960e+09 1.086662337770241300e+30 8.114041687225916899e-01 2.345525936249571777e+12 2.703256653713059859e+04
6.054366336207236290e+09 1.095086076822723646e+30 8.048804734904367875e-01 2.308928136929287598e+12 2.689036926782392402e+04
6.077187360601981163e+09 1.103509815875206132e+30 7.983375099591294433e-01 2.272599428138858887e+12 2.674772817304947966e+04
6.100025198931642532e+09 1.111933554927688759e+30 7.917785916307868987e-01 2.236538314266773438e+12 2.660324556231018869e+04
6.122879197390470505e+09 1.120357293980171386e+30 7.853142945463100766e-01 2.200743196864477051e+12 2.645363110018450607e+04
6.145754795114329338e+09 1.128781033032653873e+30 7.787349337178729458e-01 2.165212610346931152e+12 2.630354867269772149e+04
6.168655669592894554e+09 1.137204772085136218e+30 7.721029546694241352e-01 2.129945162389399170e+12 2.615298510849206286e+04
6.191584971710001945e+09 1.145628511137618705e+30 7.654376940009597341e-01 2.094939512954243164e+12 2.600192700114155377e+04
6.214545886619836807e+09 1.154052250190101050e+30 7.587393912474169611e-01 2.060194370862294434e+12 2.585036068525882001e+04
6.237541839625720024e+09 1.162475989242583818e+30 7.520016313988684420e-01 2.025708495728215332e+12 2.569766015181222247e+04
6.260576639245236397e+09 1.170899728295066164e+30 7.452136945193237327e-01 1.991480712394250977e+12 2.554402941828658732e+04
6.283653734529850006e+09 1.179323467347548791e+30 7.383892353859632385e-01 1.957509892718836182e+12 2.538985048385005939e+04
6.306776944093267441e+09 1.187747206400031277e+30 7.315184032777281020e-01 1.923794959095109131e+12 2.523510863616647475e+04
6.329950692310481071e+09 1.196170945452513623e+30 7.245844526813249864e-01 1.890334896349454102e+12 2.507978891631440638e+04
6.353179895391932487e+09 1.204594684504996250e+30 7.175750133679476006e-01 1.857128773732822021e+12 2.492951254978790894e+04
6.376468562887130737e+09 1.213018423557478736e+30 7.105212755220722265e-01 1.824175711129230225e+12 2.479409770124059651e+04
6.399820902231381416e+09 1.221442162609961222e+30 7.034199316863545270e-01 1.791474885176166992e+12 2.465802624688372089e+04
6.423240880631340981e+09 1.229865901662443427e+30 6.962810726437307363e-01 1.759025518889326904e+12 2.452128198646360397e+04
6.446732509481676102e+09 1.238289640714925632e+30 6.891061428461113803e-01 1.726826880071717041e+12 2.438384829488852483e+04
6.470299863900416374e+09 1.246713379767407837e+30 6.818961231104914145e-01 1.694878279737081543e+12 2.424815317169411355e+04
6.493947140685430527e+09 1.255137118819890042e+30 6.746504619017077431e-01 1.663179064796308350e+12 2.412150241573069434e+04
6.517679431095497131e+09 1.263560857872371824e+30 6.673470040664016834e-01 1.631728615722256348e+12 2.399410979363936349e+04
6.541504577239378929e+09 1.271984596924853326e+30 6.599133202126644671e-01 1.600526464004387939e+12 2.386595727134779736e+04
6.565426058407986641e+09 1.280408335977334264e+30 6.524759091056161475e-01 1.569572164836884766e+12 2.373702619742589013e+04
6.589447025034465790e+09 1.288832075029814639e+30 6.450460867770768658e-01 1.538865274815434570e+12 2.360729717596239425e+04
6.613571871866077423e+09 1.297255814082293888e+30 6.375929326494960137e-01 1.508405381110429199e+12 2.347675015117866133e+04
6.637805472016301155e+09 1.305679553134771730e+30 6.301073828587713255e-01 1.478192106683498291e+12 2.334536439528736446e+04
6.662153331129277229e+09 1.314103292187247321e+30 6.225771478916287682e-01 1.448225130148895752e+12 2.321311856106547566e+04
6.686620356649253845e+09 1.322527031239718970e+30 6.150219707732899055e-01 1.418504157245060791e+12 2.307999052153489538e+04
6.711212506452026367e+09 1.330950770292185835e+30 6.074197902220414003e-01 1.389028948746524902e+12 2.297215018685304312e+04
6.735935444466068268e+09 1.339374509344644818e+30 5.997829232846553227e-01 1.359799320435095703e+12 2.286794514098079526e+04
6.760793523649080276e+09 1.347798248397092261e+30 5.921475279619076160e-01 1.330815093521626221e+12 2.276286119725213939e+04
6.785792553390303612e+09 1.356221987449522815e+30 5.844827042192318745e-01 1.302076114229333984e+12 2.265687448517669691e+04
6.810940245321170807e+09 1.364645726501927755e+30 5.767495704813622170e-01 1.273582319843835449e+12 2.255374610584765833e+04
6.836241768608447075e+09 1.373069465554294977e+30 5.690126194805011917e-01 1.245333669975117432e+12 2.245273428123672784e+04
6.861702320509688377e+09 1.381493204606605341e+30 5.612753123033449310e-01 1.217330140031762695e+12 2.235077346309415225e+04
6.887327681033116341e+09 1.389916943658831826e+30 5.535290598299191789e-01 1.189571728320564941e+12 2.224783641517255455e+04
6.913124216156953812e+09 1.398340682710933055e+30 5.457660718267328681e-01 1.162058459135731689e+12 2.214389468332010438e+04
6.939099330634593010e+09 1.406764421762847665e+30 5.379700148706915153e-01 1.134790412201511963e+12 2.203891863033471600e+04
6.965259391531256676e+09 1.415188160814484460e+30 5.301684037994200960e-01 1.107767692282067627e+12 2.193287724034121857e+04
6.991611000368895531e+09 1.423611899865707768e+30 5.223616558601729132e-01 1.080990429988133545e+12 2.182573802863958917e+04
7.018160945226962090e+09 1.432035638916315490e+30 5.145513918013017163e-01 1.054458782440014771e+12 2.171746694312070031e+04
7.044916047830760002e+09 1.440459377966006730e+30 5.067423235260686276e-01 1.028172931168850464e+12 2.160802824530952421e+04
7.071883048450910568e+09 1.448883117014333942e+30 4.989412267342223650e-01 1.002133052022804932e+12 2.149738426006181180e+04
7.099072123390254021e+09 1.457306856060629749e+30 4.910908234097750569e-01 9.763393998834693604e+11 2.138583803990067827e+04
7.126491749217856407e+09 1.465730595103901671e+30 4.832301130165578829e-01 9.507922637973940430e+11 2.128338877084113847e+04
7.154150674956488609e+09 1.474154334142673089e+30 4.753611558213149957e-01 9.254919687172141113e+11 2.117968310705965632e+04
7.182057595050521851e+09 1.482578073174744558e+30 4.674917709759568440e-01 9.004388721942163086e+11 2.107467722456910633e+04
7.210220842228155136e+09 1.491001812196843650e+30 4.596345270025711804e-01 8.756333251062448730e+11 2.096892454303489649e+04
7.238652778915931702e+09 1.499425551204099441e+30 4.517311519319315849e-01 8.510757564805489502e+11 2.086215504139220138e+04
7.267364893175834656e+09 1.507849290189262824e+30 4.438057080307283853e-01 8.267666470506958008e+11 2.075394631255062632e+04
7.296368903956585884e+09 1.516273029141544581e+30 4.358639304982273588e-01 8.027065226338630371e+11 2.064424390287093047e+04
7.325677287159243584e+09 1.524696768044889662e+30 4.279039334755821988e-01 7.788959596630316162e+11 2.053299010095775520e+04
7.355302990992804527e+09 1.533120506875403093e+30 4.199287835751205344e-01 7.553355881548101807e+11 2.042012366685977759e+04
7.385258859995408058e+09 1.541544245597528954e+30 4.119499171439110485e-01 7.320260553433183594e+11 2.030557933511504598e+04
7.415562144233987808e+09 1.549967984158355017e+30 4.039178888172883508e-01 7.089681070657982178e+11 2.018928785368465833e+04
7.446229285110219002e+09 1.558391722479147383e+30 3.958573980060468567e-01 6.861625501426057129e+11 2.007117542018470704e+04
7.477278798195332527e+09 1.566815460442750255e+30 3.877552665303049539e-01 6.636102808211413574e+11 1.994562343853461789e+04
7.508729251639888763e+09 1.575239197874840833e+30 3.796255871882784905e-01 6.413122812110156250e+11 1.981279548938394510e+04
7.540598144519107819e+09 1.583662934516042457e+30 3.714951102019813378e-01 6.192695524942069092e+11 1.967778455538862545e+04
7.572909472550741196e+09 1.592086669980435204e+30 3.633028784377747566e-01 5.974831857734276123e+11 1.953334280420830692e+04
7.605693170789752960e+09 1.600510403693836015e+30 3.550034343104964130e-01 5.759544754515003662e+11 1.938499311449051675e+04
7.638974631476377487e+09 1.608934134801979877e+30 3.466694918380461843e-01 5.546848392886097412e+11 1.923404966603449793e+04
7.672776391444002151e+09 1.617357862033931834e+30 3.383488359415500746e-01 5.336757542523797607e+11 1.908038425463123349e+04
7.707121315593033791e+09 1.625781583498905968e+30 3.300532002974920776e-01 5.129287119200859375e+11 1.892385775195028691e+04
7.742039442139067650e+09 1.634205296384031920e+30 3.217304930470850088e-01 4.924453434693935547e+11 1.876431976607219258e+04
7.777556682839878082e+09 1.642628996504790376e+30 3.134384117701710104e-01 4.722273609768890381e+11 1.860160678795480999e+04
7.813694286973740578e+09 1.651052677636322258e+30 3.052319473914530401e-01 4.522764591725545654e+11 1.841931241251627580e+04
7.850475997543441772e+09 1.659476330518835482e+30 2.971002911804218050e-01 4.325943403454875488e+11 1.822684229010291892e+04
7.887926472073377609e+09 1.667899941378321945e+30 2.890473447836012233e-01 4.131827251149511108e+11 1.802679617917180440e+04
7.926069025315095901e+09 1.676323489726488026e+30 2.810938703506266623e-01 3.940433595200484009e+11 1.782033501917409376e+04
7.964919466961659431e+09 1.684746945088850896e+30 2.733013357836902579e-01 3.751778322736397705e+11 1.760925805533223684e+04
8.004508589222441673e+09 1.693170262139146028e+30 2.655692504921200459e-01 3.565878452523777466e+11 1.739325038752099499e+04
8.044855258567037582e+09 1.701593373464397973e+30 2.579873539790433767e-01 3.382750645887171021e+11 1.716977923795044626e+04
8.085973916880792618e+09 1.710016178808145276e+30 2.505841694552183307e-01 3.202410321738387451e+11 1.693994965581302677e+04
8.127888529083461761e+09 1.718438529080006363e+30 2.433010807202406478e-01 3.024871913585609131e+11 1.670228663401075755e+04
8.170653179856680870e+09 1.726860202590609331e+30 2.359745166735054689e-01 2.850152241108751831e+11 1.645791989003033086e+04
8.214343732429576874e+09 1.735280869743430264e+30 2.285153267535496024e-01 2.678273574693096008e+11 1.620623265677955533e+04
8.259037041044062614e+09 1.743700040601957988e+30 2.209583430361786449e-01 2.509263526464856873e+11 1.594225432287702097e+04
8.304827089281582832e+09 1.752116987081225667e+30 2.132598830667849221e-01 2.343157428815770874e+11 1.566595718521923664e+04
8.351822908699942589e+09 1.760530627602131408e+30 2.053990264676227306e-01 2.180000882677208862e+11 1.537762972745679872e+04
8.400149269575203896e+09 1.768939356360946631e+30 1.973618863502001053e-01 2.019852935120716858e+11 1.507830297594478725e+04
8.449951528469561577e+09 1.777340791193920425e+30 1.891247111697149375e-01 1.862790298449851074e+11 1.476329918887436361e+04
8.501412432053551674e+09 1.785731402481409973e+30 1.806157796872989718e-01 1.708915633996066284e+11 1.442913226809093794e+04
8.554734024115285873e+09 1.794105969721876783e+30 1.718486581461615148e-01 1.558365647922560425e+11 1.407959833886535489e+04
8.610145579212684631e+09 1.802456791773152191e+30 1.628155896112385981e-01 1.411322888141022644e+11 1.371513743095458813e+04
8.667911561579809189e+09 1.810772552201998725e+30 1.534929747869941130e-01 1.268032344777397461e+11 1.333458148383447769e+04
8.728335771314630508e+09 1.819036717426839151e+30 1.438550941961378449e-01 1.128823672305089722e+11 1.293473530515029961e+04
8.791759934354059219e+09 1.827225335790060654e+30 1.338847672096238617e-01 9.941395485547500610e+10 1.251833322669364134e+04
8.858552376174928665e+09 1.835304141101340768e+30 1.235842388276009313e-01 8.645689689074528503e+10 1.207984686911860626e+04
8.929095444443828583e+09 1.843225004899934317e+30 1.129611242825734746e-01 7.408829029481361389e+10 1.162311395844282197e+04
9.003755346955518723e+09 1.850922125934935283e+30 1.020445571707880861e-01 6.240632980419837952e+10 1.114195803723507379e+04
9.082816394930837631e+09 1.858309005261939072e+30 9.091452793954625522e-02 5.153060514371018219e+10 1.064408930211190454e+04
9.166397970502162933e+09 1.865278236280466742e+30 7.969536290002400547e-02 4.159697784605002594e+10 1.012617174226496718e+04
9.254393153138612747e+09 1.871707053820532161e+30 6.853343040775962403e-02 3.274404626033118820e+10 9.592776473189524040e+03
9.346476334292636871e+09 1.877471328829580523e+30 5.758965365394245334e-02 2.509069943365374756e+10 9.052940524636718692e+03
9.441715860741384506e+09 1.882467749322665742e+30 4.730621189262174120e-02 1.870534204891542435e+10 8.515058220747632731e+03
9.538704779651062012e+09 1.886638242985430455e+30 3.799268864233278087e-02 1.358028587764153290e+10 7.985469850521259104e+03
9.636169949403415680e+09 1.889986019481195139e+30 2.973639580614339736e-02 9.626024828669525146e+09 7.473624417691430608e+03
9.732556421481479645e+09 1.892574634996330049e+30 2.278745793740840839e-02 6.686291301049323082e+09 6.986906591236980603e+03
9.826374977440986633e+09 1.894510612056733128e+30 1.716990975612763329e-02 4.570217290532544136e+09 6.530131162505294924e+03
9.916657484411670685e+09 1.895918806896726856e+30 1.273733348242830389e-02 3.086473802622658253e+09 6.105275079943742639e+03
1.000298548986398315e+10 1.896920895601820874e+30 9.311909962967754306e-03 2.066910482945723534e+09 5.711477117730299142e+03
1.008487412532477760e+10 1.897622297400387802e+30 6.756528813233831331e-03 1.376455967269137859e+09 5.346521970846404656e+03
1.016220561290211868e+10 1.898107348343188467e+30 4.870283223208227499e-03 9.135603191109243631e+08 5.008864863329929904e+03
1.023499835325258064e+10 1.898439914900824745e+30 3.495405072281040568e-03 6.052704027267032862e+08 4.694112180388922752e+03
1.030334344875480843e+10 1.898666568698797530e+30 2.502496138500784513e-03 4.007850221983593106e+08 4.398779055730933578e+03
1.036738831859960747e+10 1.898820401320756675e+30 1.789374029039932611e-03 2.654648450528056026e+08 4.119702944311203282e+03
1.042726695046107101e+10 1.898924514033656714e+30 1.279903925864181100e-03 1.760121278989276290e+08 3.853330894953308416e+03
1.048307734013797760e+10 1.898994841287736294e+30 9.173505693031839582e-04 1.168940008631035835e+08 3.596900341900532112e+03
1.053487326229403114e+10 1.899042285063264219e+30 6.600125400461127239e-04 7.781051020418602228e+07 3.348059124494074240e+03
1.058265452443136024e+10 1.899074263369346390e+30 4.777064170658765685e-04 5.195289841558468342e+07 3.104936546644566079e+03
1.062644199758800507e+10 1.899095804965647739e+30 3.481233641893049483e-04 3.482803315295670927e+07 2.866983935385680070e+03
1.066640244277232552e+10 1.899110310426484200e+30 2.548493133778298968e-04 2.347410017618165538e+07 2.635248970728639961e+03
1.070245980751193810e+10 1.899120075461653799e+30 1.887846785970061702e-04 1.593692908388588950e+07 2.411506951744011076e+03
1.073453299235986328e+10 1.899126648156077877e+30 1.419460898000434043e-04 1.092657467534817941e+07 2.201264283708196217e+03
1.076272378726028442e+10 1.899131071660829689e+30 1.080794103187231105e-04 7.591267063611564226e+06 2.008593730761085681e+03
1.078723972812038422e+10 1.899134048535351581e+30 8.322787870611407784e-05 5.368091227213113569e+06 1.835991208724605031e+03
1.080799114771486282e+10 1.899136051795410073e+30 6.589065287861290158e-05 3.884107593295798171e+06 1.684628548598292127e+03
1.082535329703941154e+10 1.899137399841775470e+30 5.280852611279892911e-05 2.892300695783763193e+06 1.555493947283985563e+03
1.083935218436810493e+10 1.899138306969284008e+30 4.394599550602954651e-05 2.228571907257954590e+06 1.447947825616472301e+03
1.085046954081497383e+10 1.899138917393019233e+30 3.715078596038697803e-05 1.783906957653848687e+06 1.361155854035705261e+03
1.085898121956250954e+10 1.899139328160856706e+30 3.259369824776833877e-05 1.485700120359376539e+06 1.293014183478834639e+03
1.086529354575392532e+10 1.899139604578002523e+30 2.953487153587016086e-05 1.285536453652012860e+06 1.241105220959279904e+03
1.086990432571820831e+10 1.899139790588775343e+30 2.718232646428959723e-05 1.151089561042688787e+06 1.202772242033700650e+03
1.087320077280424118e+10 1.899139915763451718e+30 2.556685816418112722e-05 1.060735070345151238e+06 1.175007372746273404e+03
1.087551632679784203e+10 1.899139999999999906e+30 2.448096242623728672e-05 1.000000000000000000e+06 1.155318440591864373e+03
