# Source: Becker et al. (2018), Linear Transport Properties (KOI-889b, Corot-3b, Gliese-229b)
# Columns (units):
# Object	r_Robj	m_Mobj	T_K	sigma_S_m^-1	beta_m^2_s^-1	lambda_W_m^-1_K^-1	kappa_m^2_s^-1	eta_mPa_s	nu_mm^2_s^-1	kappa_R_cm^2_g^-1
KOI-889b    0.996e+00 9.9996e-01 0.48e+04 3.37e+01 2.360e+04 0.022e+00 1.32e-08	0.078e+00 0.776e+00 1.02e+04
KOI-889b    0.994e+00 9.9989e-01 0.57e+04 9.82e+02 8.101e+02 0.364e+00 1.18e-07	0.112e+00 0.604e+00 8.85e+04
KOI-889b    0.992e+00 9.9977e-01 0.64e+04 2.40e+04 3.316e+01 0.333e+01 8.01e-07	0.141e+00 0.503e+00 4.23e+05
KOI-889b    0.990e+00 0.9996e+00 0.71e+04 8.90e+04 0.894e+01 1.160e+01 2.34e-06	0.204e+00 0.537e+00 7.32e+05
KOI-889b    0.986e+00 0.9991e+00 0.83e+04 2.79e+05 0.286e+01 4.976e+01 5.63e-06	0.312e+00 0.554e+00 9.96e+05
KOI-889b    0.984e+00 0.9988e+00 0.90e+04 3.52e+05 0.226e+01 7.477e+01 7.78e-06	0.348e+00 0.543e+00 1.05e+06
KOI-889b    0.980e+00 0.9981e+00 1.03e+04 5.39e+05 0.148e+01 1.280e+02 1.11e-05	0.428e+00 0.547e+00 1.16e+06
KOI-889b    0.978e+00 0.9977e+00 1.10e+04 6.08e+05 0.131e+01 1.575e+02 1.26e-05	0.482e+00 0.567e+00 1.18e+06
KOI-889b    0.972e+00 0.9962e+00 1.31e+04 8.19e+05 0.097e+01 2.500e+02 1.63e-05	0.581e+00 0.558e+00 1.23e+06
KOI-889b    0.926e+00 0.9770e+00 2.52e+04 2.36e+06 0.034e+01 1.530e+03 4.01e-05	1.309e+00 0.515e+00 1.16e+06
KOI-889b    0.810e+00 0.8702e+00 5.00e+04 7.44e+06 0.011e+01 9.650e+03 8.71e-05	3.401e+00 0.474e+00 8.49e+05
KOI-889b    0.690e+00 0.6921e+00 7.52e+04 1.42e+07 0.056e+00 2.770e+04 1.40e-04	6.409e+00 0.478e+00 6.41e+05
KOI-889b    0.572e+00 0.4848e+00 1.00e+05 2.13e+07 0.037e+00 5.610e+04 1.83e-04	1.015e+01 0.492e+00 5.11e+05
KOI-889b    0.448e+00 0.2776e+00 1.25e+05 2.92e+07 0.027e+00 9.920e+04 2.36e-04	1.421e+01 0.497e+00 4.19e+05
KOI-889b    0.328e+00 0.1242e+00 1.45e+05 3.72e+07 0.021e+00 1.427e+05 2.68e-04	1.825e+01 0.506e+00 3.61e+05
KOI-889b    0.043e+00 0.0315e-02 1.66e+05 4.61e+07 0.017e+00 2.030e+05 2.91e-04	2.356e+01 0.506e+00 3.10e+05
Corot-3b    0.996e+00 0.9558e+00 7.70e+03 1.50e+04 5.305e+01 3.100e+00 7.66e-07	0.149e+00 0.719e+00 5.61e+05
Corot-3b    0.992e+00 0.9557e+00 1.12e+04 2.92e+05 2.724e+00 7.481e+01 8.30e-06	0.430e+00 0.784e+00 1.27e+06
Corot-3b    0.982e+00 0.9549e+00 1.99e+04 9.41e+05 0.845e+00 4.628e+02 2.50e-05	0.870e+00 0.736e+00 1.42e+06
Corot-3b    0.930e+00 0.9416e+00 5.07e+04 4.55e+06 0.175e+00 0.590e+04 7.97e-05	2.914e+00 0.620e+00 9.93e+05
Corot-3b    0.838e+00 0.8812e+00 1.00e+05 1.35e+07 0.059e+00 0.347e+05 1.68e-04	8.779e+00 0.667e+00 5.48e+05
Corot-3b    0.630e+00 0.5992e+00 2.00e+05 4.31e+07 0.018e+00 0.214e+06 3.08e-04	2.890e+01 0.669e+00 2.15e+05
Corot-3b    0.436e+00 0.2740e+00 3.00e+05 7.45e+07 0.011e+00 0.567e+06 4.80e-04	5.497e+01 0.680e+00 9.77e+04
Corot-3b    0.166e+00 0.0195e+00 4.00e+05 1.17e+08 0.683e-02 0.112e+07 6.17e-04	8.665e+01 0.685e+00 4.98e+04
Corot-3b    0.929e-02 0.0307e-03 4.20e+05 1.27e+08 0.629e-02 0.125e+07 6.27e-04	9.278e+01 0.679e+00 4.38e+04
Gliese-229b 0.998e+00 1.0000e+00 8.00e+03 3.20e+03 2.456e+02 0.140e+01 4.60e-07	0.136e+00 1.080e+00 3.88e+05
Gliese-229b 0.996e+00 9.9998e-01 1.33e+04 2.28e+05 3.492e+00 0.704e+02 8.29e-06	0.435e+00 0.941e+00 1.45e+06
Gliese-229b 0.994e+00 9.9994e-01 1.85e+04 4.99e+05 1.594e+00 2.240e+02 1.80e-05	0.772e+00 1.047e+00 1.59e+06
Gliese-229b 0.992e+00 9.9988e-01 2.26e+04 7.47e+05 1.066e+00 4.220e+02 2.52e-05	0.905e+00 0.904e+00 1.56e+06
Gliese-229b 0.990e+00 9.9980e-01 2.65e+04 9.91e+05 0.803e+00 6.633e+02 3.15e-05	1.078e+00 0.853e+00 1.51e+06
Gliese-229b 0.970e+00 0.9981e+00 5.79e+04 3.47e+06 0.229e+00 5.076e+03 7.50e-05	3.182e+00 0.774e+00 9.72e+05
Gliese-229b 0.920e+00 0.9854e+00 1.29e+05 1.01e+07 0.079e+00 0.322e+05 1.46e-04	1.111e+01 0.832e+00 3.77e+05
Gliese-229b 0.796e+00 0.0894e+01 2.80e+05 3.84e+07 0.021e+00 0.264e+06 3.37e-04	4.100e+01 0.811e+00 9.42e+04
Gliese-229b 0.620e+00 0.0634e+01 5.31e+05 9.00e+07 0.884e-02 0.119e+07 5.75e-04	1.264e+02 0.928e+00 2.07e+04
Gliese-229b 0.298e+00 0.0116e+01 9.73e+05 1.95e+08 0.409e-02 0.438e+07 7.97e-04	0.383e+03 1.097e+00 4.80e+03
Gliese-229b 0.024e+00 0.0684e-03 1.18e+06 2.32e+08 0.342e-02 0.642e+07 8.83e-04	0.581e+03 1.300e+00 3.00e+03